Station ∆,Date,UTC time,Temp. (ºC),Rel. Hum. (%),Pressure/ Geopot.,Wind dir,Wins speed (Km/h),Clouds,Low clouds,Medium clouds,High clouds,Prec. (mm),Max temp. (ºC),Min temp. (ºC),Conditions
ABADAN,18/08/2000,21Z,33.4,28%,-,calm.,,0/8,-,-,-,-,-,-,Clear
ABADAN,18/08/2000,18Z,36.6,20%,1000.0 Hpa,calm.,,0/8,-,-,-,-,-,-,Clear
ABADAN,18/08/2000,12Z,48.2,7%,999.8 Hpa,310º (NW),21.6,1/8,1/8 CU,-,-,-,-,-,Few clouds
ABADAN,18/08/2000,09Z,46.4,6%,-,310º (NW),14.4,0/8,-,-,-,-,-,-,Clear
ABADAN,18/08/2000,06Z,38.2,23%,1001.7 Hpa,calm.,,0/8,-,-,-,-,-,-,Clear
ABADAN,18/08/2000,00Z,30.0,43%,999.8 Hpa,calm.,,0/8,-,-,-,-,-,-,Clear
ABADEH,18/08/2000,21Z,22.4,18%,-,calm.,,0/8,-,-,-,-,-,-,Clear
ABADEH,18/08/2000,18Z,26.6,14%,1000.5 Hpa,060º (NE),18.0,0/8,-,-,-,-,-,-,Clear
ABADEH,18/08/2000,12Z,31.2,8%,1000.8 Hpa,calm.,,4/8,2/8 SC,AC,-,-,-,-,Scattered clouds
ABADEH,18/08/2000,09Z,31.8,8%,-,calm.,,2/8,-,-,-,-,-,-,Few clouds
ABADEH,18/08/2000,06Z,27.0,18%,1002.3 Hpa,calm.,,2/8,-,0/8 AC,-,-,-,-,Few clouds
ABADEH,18/08/2000,03Z,26.2,13%,-,calm.,,2/8,-,-,-,-,-,-,Few clouds
ABADEH,18/08/2000,00Z,19.0,28%,1000.7 Hpa,calm.,,3/8,-,0/8 AC,-,-,-,-,Scattered clouds
ABU MUSA,18/08/2000,12Z,36.0,208%,998.7 Hpa,280º (W ),21.6,1/8,1/8 SC,-,-,-,-,-,"Few clouds, haze"
ABU MUSA,18/08/2000,06Z,35.0,220%,1000.7 Hpa,240º (SW),18.0,0/8,-,-,-,-,-,-,"Clear, haze"
AHAR,18/08/2000,21Z,21.0,68%,-,110º (E ),7.2,7/8,-,-,-,-,-,-,Cloudy
AHAR,18/08/2000,18Z,22.2,65%,1009.8 Hpa,060º (NE),7.2,7/8,7/8 CB,-,,-,-,-,Cloudy
AHAR,18/08/2000,12Z,27.0,46%,1008.0 Hpa,090º (E ),25.2,2/8,1/8 CU,AC,-,-,-,-,Few clouds
AHAR,18/08/2000,09Z,24.0,55%,-,120º (SE),18.0,1/8,-,-,-,-,-,-,Few clouds
AHAR,18/08/2000,06Z,20.2,70%,1010.5 Hpa,110º (E ),10.8,6/8,6/8 CU/SC,-,-,-,-,-,Cloudy
AHAR,18/08/2000,03Z,17.6,82%,-,calm.,,7/8,-,-,-,-,-,-,Cloudy
AHAR,18/08/2000,00Z,20.0,77%,1008.6 Hpa,090º (E ),7.2,7/8,7/8 SC,-,-,-,-,-,Cloudy
AHWAZ,18/08/2000,21Z,36.8,18%,999.4 Hpa,calm.,,0/8,-,-,-,-,-,-,Clear
AHWAZ,18/08/2000,18Z,39.0,13%,999.6 Hpa,290º (W ),10.8,0/8,-,-,-,-,-,-,Clear
AHWAZ,18/08/2000,15Z,45.2,18%,998.8 Hpa,290º (W ),21.6,0/8,-,-,-,-,48.2,-,Clear
AHWAZ,18/08/2000,12Z,47.4,12%,999.0 Hpa,310º (NW),21.6,0/8,-,-,-,-,-,-,Clear
AHWAZ,18/08/2000,09Z,44.6,24%,-,270º (W ),10.8,0/8,-,-,-,-,-,-,Clear
AHWAZ,18/08/2000,06Z,35.8,66%,1001.0 Hpa,200º (S ),10.8,1/8,-,0/8 AC,-,-,-,-,"Few clouds, haze"
AHWAZ,18/08/2000,03Z,30.2,91%,-,170º (S ),14.4,2/8,-,-,-,-,-,-,Few clouds
AHWAZ,18/08/2000,00Z,30.8,28%,999.1 Hpa,calm.,,0/8,-,-,-,-,-,-,Clear
ALI-GOODARZ,18/08/2000,21Z,25.2,20%,-,080º (E ),21.6,3/8,-,-,-,-,-,-,Scattered clouds
ALI-GOODARZ,18/08/2000,18Z,26.8,20%,1002.0 Hpa,050º (NE),28.8,5/8,5/8 SC,-,-,-,-,-,Cloudy
ALI-GOODARZ,18/08/2000,12Z,32.0,10%,1001.0 Hpa,340º (N ),10.8,6/8,6/8 SC,-,-,-,-,-,Cloudy
ALI-GOODARZ,18/08/2000,09Z,32.0,14%,-,040º (NE),18.0,2/8,-,-,-,-,-,-,Few clouds
ALI-GOODARZ,18/08/2000,06Z,27.2,14%,1002.9 Hpa,130º (SE),25.2,0/8,-,-,-,-,-,-,"Clear, haze"
ALI-GOODARZ,18/08/2000,03Z,18.4,26%,-,calm.,,0/8,-,-,-,-,-,-,Clear
ALI-GOODARZ,18/08/2000,00Z,21.6,24%,1001.6 Hpa,110º (E ),25.2,4/8,2/8 SC,AC,-,-,-,-,Scattered clouds
ANZALI,18/08/2000,21Z,26.6,84%,-,calm.,,0/8,-,-,-,-,-,-,Clear
ANZALI,18/08/2000,18Z,28.0,75%,1013.4 Hpa,calm.,,2/8,-,2/8 AC,-,-,-,-,Few clouds
ANZALI,18/08/2000,15Z,28.6,71%,-,090º (E ),7.2,1/8,-,-,-,-,-,-,Few clouds
ANZALI,18/08/2000,12Z,29.0,71%,1012.2 Hpa,060º (NE),14.4,0/8,-,-,-,-,-,-,Clear
ANZALI,18/08/2000,09Z,29.0,71%,-,050º (NE),7.2,1/8,-,-,-,-,-,-,Few clouds
ANZALI,18/08/2000,06Z,28.0,69%,1013.9 Hpa,calm.,,3/8,1/8 CU,AC,-,Tr(24h),-,-,Scattered clouds
ANZALI,18/08/2000,03Z,24.8,83%,-,calm.,,6/8,-,-,-,-,-,-,Cloudy
ANZALI,18/08/2000,00Z,26.0,89%,1013.4 Hpa,calm.,,6/8,-,6/8 AC,-,-,-,-,Cloudy
ARAK,18/08/2000,21Z,24.2,26%,-,calm.,,3/8,-,-,-,-,-,-,Scattered clouds
ARAK,18/08/2000,18Z,26.4,25%,1003.9 Hpa,calm.,,3/8,3/8 SC,-,-,-,-,-,Scattered clouds
ARAK,18/08/2000,12Z,32.0,17%,1000.6 Hpa,040º (NE),21.6,2/8,2/8 CU,-,-,-,-,-,Few clouds
ARAK,18/08/2000,09Z,30.6,18%,-,030º (NE),7.2,0/8,-,-,-,-,-,-,Clear
ARAK,18/08/2000,06Z,25.6,29%,1004.4 Hpa,calm.,,0/8,-,-,-,-,-,-,Clear
ARAK,18/08/2000,03Z,20.4,40%,-,calm.,,2/8,-,-,-,-,-,-,Few clouds
ARAK,18/08/2000,00Z,22.6,29%,1002.9 Hpa,calm.,,1/8,1/8 SC,-,-,-,-,-,Few clouds
ARDEBIL,18/08/2000,12Z,22.0,75%,1010.5 Hpa,080º (E ),28.8,7/8,5/8 ST,AC,-,-,-,-,Cloudy
ARDEBIL,18/08/2000,09Z,22.6,65%,-,090º (E ),7.2,6/8,-,-,-,-,-,-,Cloudy
ARDEBIL,18/08/2000,06Z,19.2,73%,1012.2 Hpa,calm.,,7/8,5/8 ST,AC,-,-,-,-,Cloudy
ARDEBIL,18/08/2000,03Z,15.8,93%,-,calm.,,7/8,-,-,-,-,-,-,Cloudy
ARDEBIL,18/08/2000,00Z,18.0,84%,-,calm.,,8/8,-,-,-,-,-,-,Overcast
BABULSAR,18/08/2000,21Z,24.2,88%,-,calm.,,0/8,-,-,-,-,-,-,Clear
BABULSAR,18/08/2000,18Z,26.8,47%,1012.0 Hpa,calm.,,0/8,-,-,-,-,-,-,Clear
BABULSAR,18/08/2000,12Z,30.8,65%,1011.4 Hpa,350º (N ),14.4,0/8,-,-,-,-,-,-,Clear
BABULSAR,18/08/2000,09Z,30.6,65%,-,310º (NW),14.4,0/8,-,-,-,-,-,-,Clear
BABULSAR,18/08/2000,06Z,29.8,61%,1012.5 Hpa,360º (N ),-,2/8,-,2/8 AC,-,-,-,-,Few clouds
BABULSAR,18/08/2000,03Z,22.0,86%,-,calm.,,0/8,-,-,-,-,-,-,Clear
BABULSAR,18/08/2000,00Z,23.2,92%,1011.7 Hpa,180º (S ),3.6,0/8,-,-,-,-,-,-,Clear
BAFT,18/08/2000,21Z,23.0,31%,996.5 Hpa,030º (NE),18.0,0/8,-,-,-,-,-,-,Clear
BAFT,18/08/2000,18Z,25.0,29%,997.7 Hpa,030º (NE),28.8,0/8,-,-,-,-,-,-,Clear
BAFT,18/08/2000,12Z,30.6,25%,998.3 Hpa,060º (NE),14.4,4/8,4/8 SC,-,-,-,-,-,Scattered clouds
BAFT,18/08/2000,09Z,30.2,23%,999.0 Hpa,030º (NE),14.4,3/8,3/8 SC,-,-,-,-,-,Scattered clouds
BAFT,18/08/2000,06Z,26.6,31%,999.7 Hpa,calm.,,1/8,1/8 SC,-,-,-,-,-,Few clouds
BAFT,18/08/2000,03Z,21.4,36%,999.4 Hpa,calm.,,0/8,-,-,-,-,-,17.0,Clear
BAFT,18/08/2000,00Z,22.0,35%,996.0 Hpa,030º (NE),25.2,0/8,-,-,-,-,-,-,Clear
BAM,18/08/2000,18Z,31.8,19%,1000.0 Hpa,calm.,,0/8,-,-,-,-,-,-,"Clear, dust"
BAM,18/08/2000,12Z,36.6,12%,998.0 Hpa,330º (NW),7.2,0/8,-,-,-,-,-,-,"Clear, haze"
BAM,18/08/2000,09Z,36.0,10%,-,060º (NE),18.0,0/8,-,-,-,-,-,-,Clear
BAM,18/08/2000,06Z,33.6,17%,1002.4 Hpa,300º (NW),216.0,0/8,-,-,-,-,-,-,Clear
BAM,18/08/2000,03Z,,,-,0º (N),-,/8,-,-,-,-,-,-,-
BAM,18/08/2000,00Z,27.0,15%,1000.0 Hpa,calm.,,0/8,-,-,-,-,-,-,Clear
BANDAR LENGEH,18/08/2000,12Z,39.4,41%,997.6 Hpa,240º (SW),14.4,4/8,1/8 CU,-,CI,-,-,-,"Scattered clouds, haze"
BANDAR LENGEH,18/08/2000,09Z,38.4,52%,999.2 Hpa,210º (SW),10.8,0/8,-,-,-,-,-,-,"Clear, haze"
BANDAR LENGEH,18/08/2000,06Z,35.0,68%,999.8 Hpa,190º (S ),7.2,0/8,-,-,-,-,-,-,"Clear, haze"
BANDAR LENGEH,18/08/2000,03Z,32.2,79%,998.4 Hpa,calm.,,3/8,-,3/8 AC,-,-,-,31.4,"Scattered clouds, mist"
BANDARABBASS,18/08/2000,21Z,33.0,81%,999.6 Hpa,050º (NE),14.4,3/8,-,3/8 AC,-,-,-,-,"Scattered clouds, mist"
BANDARABBASS,18/08/2000,18Z,34.4,74%,999.1 Hpa,190º (S ),10.8,3/8,-,3/8 AC,-,-,-,14.3,"Scattered clouds, haze"
BANDARABBASS,18/08/2000,15Z,38.2,50%,996.7 Hpa,240º (SW),18.0,2/8,-,2/8 AC,-,-,41.4,-,"Few clouds, haze"
BANDARABBASS,18/08/2000,12Z,39.2,49%,997.1 Hpa,210º (SW),21.6,4/8,1/8 SC,AC,-,-,-,-,"Scattered clouds, haze"
BANDARABBASS,18/08/2000,09Z,40.0,46%,999.1 Hpa,210º (SW),18.0,2/8,1/8 CU,AC,-,-,-,-,"Few clouds, haze"
BANDARABBASS,18/08/2000,06Z,38.4,42%,1000.2 Hpa,calm.,,1/8,-,1/8 AC,-,-,-,-,"Few clouds, haze"
BANDARABBASS,18/08/2000,03Z,30.8,83%,-,calm.,,5/8,-,-,-,-,-,-,Cloudy
BANDARABBASS,18/08/2000,00Z,32.2,72%,999.3 Hpa,020º (N),10.8,4/8,-,4/8 AC,-,-,-,-,"Scattered clouds, mist"
BIRJAND,18/08/2000,21Z,18.0,29%,-,calm.,,0/8,-,-,-,-,-,-,Clear
BIRJAND,18/08/2000,18Z,19.6,30%,-,calm.,,0/8,-,-,-,-,-,-,Clear
BIRJAND,18/08/2000,12Z,31.4,14%,1002.7 Hpa,050º (NE),14.4,0/8,-,-,-,-,-,-,Clear
BIRJAND,18/08/2000,09Z,29.4,15%,-,080º (E ),7.2,0/8,-,-,-,-,-,-,Clear
BIRJAND,18/08/2000,06Z,24.4,22%,1006.8 Hpa,070º (E ),7.2,0/8,-,-,-,-,-,-,Clear
BIRJAND,18/08/2000,05Z,18.6,32%,-,090º (E ),7.2,0/8,-,-,-,-,-,-,Clear
BIRJAND,18/08/2000,03Z,18.6,32%,-,090º (E ),7.2,0/8,-,-,-,-,-,-,Clear
BIRJAND,18/08/2000,00Z,13.6,42%,1006.2 Hpa,calm.,,0/8,-,-,-,-,-,-,Clear
BOJNOURD,18/08/2000,18Z,22.0,33%,1012.4 Hpa,calm.,,0/8,-,-,-,-,-,-,Clear
BOJNOURD,18/08/2000,12Z,29.6,11%,1009.4 Hpa,calm.,,0/8,-,-,-,-,-,-,Clear
BOJNOURD,18/08/2000,06Z,22.6,37%,1011.1 Hpa,calm.,,0/8,-,-,-,-,-,-,Clear
BOJNOURD,18/08/2000,00Z,14.2,49%,1012.5 Hpa,calm.,,0/8,-,-,-,-,-,-,Clear
BUSHEHR,18/08/2000,18Z,34.4,11%,999.1 Hpa,calm.,,2/8,-,2/8 AC,-,-,-,-,"Few clouds, haze"
BUSHEHR,18/08/2000,12Z,36.6,201%,999.0 Hpa,280º (W ),36.0,1/8,-,1/8 AC,-,-,-,-,"Few clouds, dust"
BUSHEHR,18/08/2000,09Z,34.8,76%,-,280º (W ),21.6,2/8,-,-,-,-,-,-,Few clouds
BUSHEHR,18/08/2000,06Z,34.4,11%,1000.5 Hpa,310º (NW),14.4,1/8,-,1/8 AC,-,-,-,-,"Few clouds, haze"
BUSHEHR,18/08/2000,03Z,32.2,82%,-,calm.,,1/8,-,-,-,-,-,-,Few clouds
BUSHEHR,18/08/2000,00Z,32.0,12%,998.3 Hpa,calm.,,3/8,2/8 SC,AC,-,-,-,-,"Scattered clouds, mist"
CHAHBAHAR,18/08/2000,18Z,30.0,85%,998.7 Hpa,210º (SW),7.2,0/8,-,-,-,-,-,-,Clear
CHAHBAHAR,18/08/2000,12Z,31.8,74%,997.5 Hpa,210º (SW),18.0,0/8,0/8 N/A,,,-,-,-,Clear
CHAHBAHAR,18/08/2000,06Z,30.4,77%,-,260º (W ),14.4,5/8,-,-,-,-,-,-,Cloudy
CHAHBAHAR,18/08/2000,00Z,29.4,92%,-,calm.,,3/8,-,-,-,-,-,-,Scattered clouds
ESFAHAN,18/08/2000,21Z,24.6,34%,-,calm.,,2/8,-,-,-,-,-,-,Few clouds
ESFAHAN,18/08/2000,18Z,26.8,26%,1001.2 Hpa,090º (E ),7.2,0/8,-,-,-,-,-,29.7,Clear
ESFAHAN,18/08/2000,15Z,32.2,19%,-,090º (E ),10.8,4/8,-,-,-,-,-,-,Scattered clouds
ESFAHAN,18/08/2000,12Z,35.0,15%,998.3 Hpa,070º (E ),10.8,3/8,3/8 CU,-,-,-,-,-,Scattered clouds
ESFAHAN,18/08/2000,09Z,32.4,22%,-,050º (NE),7.2,0/8,-,-,-,-,-,-,Clear
ESFAHAN,18/08/2000,06Z,29.0,27%,1003.0 Hpa,calm.,,2/8,-,-,CI,-,-,-,Few clouds
ESFAHAN,18/08/2000,03Z,19.2,48%,-,calm.,,3/8,-,-,-,-,-,-,Scattered clouds
ESFAHAN,18/08/2000,00Z,25.6,28%,1000.8 Hpa,070º (E ),7.2,6/8,2/8 SC,AC,-,-,-,-,Cloudy
FASA,18/08/2000,21Z,27.0,32%,996.3 Hpa,calm.,,7/8,3/8 SC,AC,-,-,-,-,Cloudy
FASA,18/08/2000,18Z,29.4,29%,995.8 Hpa,calm.,,6/8,3/8 SC,AC,-,-,-,-,Cloudy
FASA,18/08/2000,12Z,37.4,14%,996.7 Hpa,120º (SE),10.8,6/8,4/8 CB,AC,-,-,-,-,Cloudy
FASA,18/08/2000,09Z,36.8,14%,997.0 Hpa,180º (S ),7.2,3/8,3/8 CB,-,-,-,-,-,Scattered clouds
FASA,18/08/2000,06Z,32.2,28%,998.1 Hpa,calm.,,0/8,-,-,-,-,-,-,"Clear, dust"
FASA,18/08/2000,03Z,21.0,51%,997.3 Hpa,calm.,,0/8,-,-,-,-,-,20.0,Clear
FASA,18/08/2000,00Z,23.6,34%,995.9 Hpa,calm.,,2/8,2/8 SC,-,-,-,-,-,Few clouds
FERDOUS,18/08/2000,12Z,32.0,10%,1003.7 Hpa,300º (NW),18.0,0/8,-,-,-,-,-,-,Clear
FERDOUS,18/08/2000,06Z,27.2,19%,1007.0 Hpa,360º (N ),18.0,0/8,-,-,-,-,-,-,Clear
GACH SARAN DU GUNBADAN,18/08/2000,18Z,37.2,11%,997.1 Hpa,270º (W ),14.4,2/8,-,0/8 AC,-,-,-,-,Few clouds
GACH SARAN DU GUNBADAN,18/08/2000,12Z,41.4,9%,996.6 Hpa,270º (W ),10.8,2/8,2/8 CU,-,-,-,-,-,Few clouds
GACH SARAN DU GUNBADAN,18/08/2000,06Z,33.8,62%,998.9 Hpa,calm.,,0/8,-,-,-,-,-,-,"Clear, haze"
GHARAKHIL,18/08/2000,18Z,25.4,85%,1012.7 Hpa,calm.,,0/8,-,-,-,-,-,-,Clear
GHARAKHIL,18/08/2000,12Z,31.8,53%,1011.4 Hpa,330º (NW),10.8,3/8,3/8 CU,-,-,-,-,-,Scattered clouds
GHARAKHIL,18/08/2000,06Z,28.8,58%,1012.6 Hpa,330º (NW),7.2,2/8,-,2/8 AC,-,-,-,-,Few clouds
GHARAKHIL,18/08/2000,00Z,22.6,92%,1012.3 Hpa,calm.,,0/8,-,-,-,-,-,-,Clear
GHAZVIN,18/08/2000,18Z,24.6,19%,1006.4 Hpa,calm.,,0/8,-,-,-,-,-,-,Clear
GHAZVIN,18/08/2000,12Z,33.2,18%,1004.4 Hpa,150º (SE),14.4,0/8,-,-,-,-,-,-,"Clear, haze"
GHAZVIN,18/08/2000,09Z,31.2,22%,-,160º (S ),14.4,0/8,-,-,-,-,-,-,Clear
GHAZVIN,18/08/2000,06Z,27.0,44%,1007.3 Hpa,090º (E ),7.2,1/8,-,1/8 AC,-,-,-,-,"Few clouds, haze"
GHAZVIN,18/08/2000,03Z,19.2,72%,-,calm.,,5/8,-,-,-,-,-,-,Cloudy
GHUCHAN,18/08/2000,21Z,18.0,39%,-,calm.,,0/8,-,-,-,-,-,-,Clear
GHUCHAN,18/08/2000,18Z,20.6,29%,1010.7 Hpa,calm.,,0/8,-,-,-,-,-,-,Clear
GHUCHAN,18/08/2000,12Z,28.8,11%,1008.5 Hpa,090º (E ),7.2,0/8,-,-,-,-,-,-,Clear
GHUCHAN,18/08/2000,09Z,27.2,22%,-,calm.,,0/8,-,-,-,-,-,-,Clear
GHUCHAN,18/08/2000,06Z,23.8,30%,1011.1 Hpa,calm.,,0/8,-,-,-,-,-,-,Clear
GHUCHAN,18/08/2000,03Z,17.6,44%,-,060º (NE),7.2,0/8,-,-,-,-,-,-,Clear
GHUCHAN,18/08/2000,00Z,14.0,44%,1010.9 Hpa,calm.,,0/8,-,-,-,-,-,-,Clear
GORGAN,18/08/2000,21Z,25.0,86%,-,190º (S ),3.6,0/8,-,-,-,-,-,-,Clear
GORGAN,18/08/2000,18Z,26.6,75%,1012.1 Hpa,210º (SW),3.6,0/8,-,-,-,-,-,-,Clear
GORGAN,18/08/2000,12Z,36.0,29%,1010.8 Hpa,300º (NW),10.8,1/8,1/8 CU,-,-,-,-,-,Few clouds
GORGAN,18/08/2000,09Z,33.4,44%,-,calm.,,1/8,-,-,-,-,-,-,Few clouds
GORGAN,18/08/2000,06Z,29.4,63%,1013.5 Hpa,240º (SW),7.2,0/8,-,-,-,-,-,-,Clear
GORGAN,18/08/2000,03Z,24.4,69%,-,190º (S ),7.2,0/8,-,-,-,-,-,-,Clear
GORGAN,18/08/2000,00Z,24.0,77%,1011.6 Hpa,210º (SW),3.6,0/8,-,-,-,-,-,-,Clear
HAMEDAN,18/08/2000,21Z,21.0,49%,-,080º (E ),7.2,0/8,-,-,-,-,-,-,Clear
HAMEDAN,18/08/2000,18Z,26.6,36%,1003.2 Hpa,130º (SE),25.2,1/8,1/8 SC,-,-,-,-,-,Few clouds
HAMEDAN,18/08/2000,12Z,32.6,30%,1001.7 Hpa,calm.,,4/8,4/8 CU,-,-,-,-,-,Scattered clouds
HAMEDAN,18/08/2000,09Z,30.2,28%,-,120º (SE),18.0,0/8,-,-,-,-,-,-,Clear
HAMEDAN,18/08/2000,06Z,24.0,45%,1003.9 Hpa,calm.,,4/8,-,-,-,-,-,-,Scattered clouds
HAMEDAN,18/08/2000,00Z,16.2,61%,1004.3 Hpa,calm.,,0/8,-,-,-,-,-,-,Clear
ILAM,18/08/2000,18Z,29.2,13%,1001.0 Hpa,calm.,,0/8,-,-,-,-,-,-,Clear
ILAM,18/08/2000,12Z,36.6,8%,999.9 Hpa,260º (W ),18.0,1/8,-,1/8 AC,-,-,-,-,Few clouds
ILAM,18/08/2000,06Z,32.0,16%,1000.9 Hpa,calm.,,0/8,-,-,-,-,-,-,Clear
ILAM,18/08/2000,00Z,25.0,16%,999.7 Hpa,calm.,,0/8,-,-,-,-,-,-,Clear
IRANSHAHR,18/08/2000,21Z,32.8,20%,997.2 Hpa,calm.,,0/8,-,-,-,-,-,-,Clear
IRANSHAHR,18/08/2000,18Z,35.8,16%,997.3 Hpa,340º (N ),18.0,0/8,-,-,-,-,-,-,Clear
IRANSHAHR,18/08/2000,12Z,43.4,8%,995.9 Hpa,310º (NW),36.0,0/8,-,-,-,-,-,-,"Clear, dust"
IRANSHAHR,18/08/2000,09Z,42.2,9%,997.0 Hpa,320º (NW),43.2,0/8,-,-,-,-,-,-,"Clear, dust"
IRANSHAHR,18/08/2000,06Z,37.2,20%,999.4 Hpa,210º (SW),10.8,0/8,-,-,-,-,-,-,"Clear, haze or smoke"
IRANSHAHR,18/08/2000,03Z,30.8,36%,998.8 Hpa,250º (W ),14.4,0/8,-,-,-,-,-,30.2,"Clear, haze"
IRANSHAHR,18/08/2000,00Z,30.0,18%,998.0 Hpa,360º (N ),18.0,0/8,-,-,-,-,-,-,"Clear, haze"
JASK,18/08/2000,12Z,34.4,136%,997.5 Hpa,270º (W ),10.8,4/8,-,4/8 AC,-,-,-,-,"Scattered clouds, haze"
JASK,18/08/2000,06Z,31.4,269%,1000.1 Hpa,120º (SE),18.0,0/8,-,-,-,-,-,-,"Clear, mist"
KASHAN,18/08/2000,21Z,30.6,21%,-,calm.,,4/8,-,-,-,-,-,-,Scattered clouds
KASHAN,18/08/2000,18Z,33.4,14%,1003.2 Hpa,090º (E ),7.2,5/8,2/8 SC,AC,-,-,-,-,Cloudy
KASHAN,18/08/2000,12Z,37.8,13%,1001.6 Hpa,050º (NE),10.8,4/8,1/8 SC,AC,-,-,-,-,Scattered clouds
KASHAN,18/08/2000,09Z,34.8,16%,-,060º (NE),10.8,3/8,-,-,-,-,-,-,Scattered clouds
KASHAN,18/08/2000,06Z,31.4,23%,1005.3 Hpa,calm.,,5/8,2/8 SC,AC,-,-,-,-,Cloudy
KASHAN,18/08/2000,03Z,26.8,29%,-,calm.,,7/8,-,-,-,-,-,-,Cloudy
KASHAN,18/08/2000,00Z,28.6,23%,1004.2 Hpa,calm.,,3/8,2/8 SC,AC,-,-,-,-,Scattered clouds
KASHMAR,18/08/2000,21Z,21.2,24%,-,calm.,,0/8,-,-,-,-,-,-,Clear
KASHMAR,18/08/2000,18Z,25.4,21%,1006.9 Hpa,calm.,,0/8,-,-,-,-,-,-,Clear
KASHMAR,18/08/2000,12Z,33.0,18%,1005.3 Hpa,160º (S ),10.8,0/8,-,-,-,-,-,-,Clear
KASHMAR,18/08/2000,09Z,30.6,23%,-,180º (S ),7.2,0/8,-,-,-,-,-,-,Clear
KASHMAR,18/08/2000,06Z,27.4,29%,1008.3 Hpa,140º (SE),10.8,0/8,-,-,-,-,-,-,Clear
KASHMAR,18/08/2000,03Z,21.0,38%,-,calm.,,0/8,-,-,-,-,-,-,Clear
KASHMAR,18/08/2000,00Z,18.2,27%,1008.0 Hpa,calm.,,0/8,-,-,-,-,-,-,Clear
KERMAN,18/08/2000,21Z,19.4,22%,-,calm.,,0/8,-,-,-,-,-,-,Clear
KERMAN,18/08/2000,18Z,23.4,20%,1003.3 Hpa,040º (NE),10.8,0/8,-,-,-,-,-,-,Clear
KERMAN,18/08/2000,12Z,34.0,12%,1001.2 Hpa,360º (N ),18.0,3/8,3/8 SC,-,-,-,-,-,Scattered clouds
KERMAN,18/08/2000,09Z,33.2,13%,-,330º (NW),14.4,1/8,-,-,-,-,-,-,Few clouds
KERMAN,18/08/2000,06Z,30.0,14%,1002.2 Hpa,calm.,,0/8,-,-,-,-,-,-,Clear
KERMAN,18/08/2000,03Z,17.6,22%,-,calm.,,0/8,-,-,-,-,-,-,Clear
KERMAN,18/08/2000,00Z,21.0,24%,1001.8 Hpa,360º (N ),10.8,0/8,-,-,-,-,-,-,Clear
KERMANSHAH,18/08/2000,21Z,27.6,18%,-,320º (NW),14.4,0/8,-,-,-,-,-,-,Clear
KERMANSHAH,18/08/2000,18Z,31.3,17%,1000.7 Hpa,310º (NW),14.4,0/8,-,-,-,-,-,-,Clear
KERMANSHAH,18/08/2000,15Z,35.2,16%,-,190º (S ),7.2,2/8,-,-,-,-,-,-,Few clouds
KERMANSHAH,18/08/2000,12Z,38.4,15%,999.3 Hpa,310º (NW),7.2,2/8,2/8 CU,-,-,-,-,-,Few clouds
KERMANSHAH,18/08/2000,09Z,37.2,17%,-,360º (N ),7.2,0/8,-,-,-,-,-,-,Clear
KERMANSHAH,18/08/2000,06Z,30.7,19%,1002.2 Hpa,calm.,,0/8,-,-,-,-,-,-,Clear
KERMANSHAH,18/08/2000,03Z,20.8,22%,-,calm.,,0/8,-,-,-,-,-,-,Clear
KERMANSHAH,18/08/2000,00Z,21.7,20%,1001.4 Hpa,100º (E ),7.2,0/8,-,-,-,-,-,-,Clear
KHOR,18/08/2000,21Z,28.2,11%,-,340º (N ),7.2,0/8,-,-,-,-,-,-,Clear
KHOR,18/08/2000,18Z,29.8,15%,1006.2 Hpa,calm.,,0/8,-,-,-,-,-,-,Clear
KHOR,18/08/2000,12Z,35.0,12%,1004.8 Hpa,030º (NE),10.8,0/8,-,-,-,-,-,-,Clear
KHOR,18/08/2000,09Z,34.0,13%,-,calm.,,0/8,-,-,-,-,-,-,Clear
KHOR,18/08/2000,06Z,29.2,21%,1007.6 Hpa,060º (NE),10.8,0/8,-,-,-,-,-,-,Clear
KHOR,18/08/2000,03Z,25.0,27%,-,calm.,,2/8,-,-,-,-,-,-,Few clouds
KHOR,18/08/2000,00Z,24.6,28%,1005.6 Hpa,calm.,,0/8,-,-,-,-,-,-,Clear
KHORRAM ABAD,18/08/2000,21Z,25.0,15%,998.7 Hpa,150º (SE),7.2,0/8,-,-,-,-,-,-,Clear
KHORRAM ABAD,18/08/2000,18Z,28.8,20%,999.2 Hpa,270º (W ),10.8,0/8,-,-,-,-,-,-,Clear
KHORRAM ABAD,18/08/2000,12Z,38.4,6%,997.9 Hpa,040º (NE),10.8,1/8,1/8 CU,-,-,-,-,-,Few clouds
KHORRAM ABAD,18/08/2000,09Z,37.2,10%,998.2 Hpa,270º (W ),10.8,0/8,-,-,-,-,-,-,Clear
KHORRAM ABAD,18/08/2000,06Z,28.8,21%,1000.4 Hpa,330º (NW),10.8,0/8,-,-,-,-,-,-,Clear
KHORRAM ABAD,18/08/2000,03Z,19.6,29%,-,calm.,,0/8,-,-,-,-,-,-,Clear
KHORRAM ABAD,18/08/2000,00Z,19.6,38%,999.2 Hpa,calm.,,0/8,-,-,-,-,-,-,Clear
KHOY,18/08/2000,21Z,23.0,61%,-,calm.,,5/8,-,-,-,-,-,-,Cloudy
KHOY,18/08/2000,18Z,25.2,52%,1004.7 Hpa,calm.,,2/8,2/8 CU,-,-,-,-,-,Few clouds
KHOY,18/08/2000,15Z,31.8,31%,-,calm.,,4/8,-,-,-,-,-,-,Scattered clouds
KHOY,18/08/2000,12Z,33.2,28%,1003.3 Hpa,calm.,,3/8,3/8 CU,-,-,-,-,-,Scattered clouds
KHOY,18/08/2000,09Z,30.0,37%,-,calm.,,1/8,-,-,-,-,-,-,Few clouds
KHOY,18/08/2000,06Z,25.0,48%,1006.7 Hpa,calm.,,0/8,-,-,-,-,-,-,Clear
KHOY,18/08/2000,03Z,18.0,74%,-,calm.,,2/8,-,-,-,-,-,-,Few clouds
KHOY,18/08/2000,00Z,21.0,70%,1005.1 Hpa,calm.,,0/8,-,-,-,-,-,-,Clear
KISH ISLAND,18/08/2000,18Z,34.0,77%,999.5 Hpa,270º (W ),21.6,4/8,2/8 SC,AC,-,-,-,-,"Scattered clouds, dust"
KISH ISLAND,18/08/2000,12Z,37.8,57%,999.2 Hpa,270º (W ),21.6,0/8,-,-,-,-,-,-,"Clear, dust"
KISH ISLAND,18/08/2000,06Z,36.0,69%,1001.3 Hpa,310º (NW),14.4,1/8,1/8 CU,-,-,-,-,-,"Few clouds, haze"
KISH ISLAND,18/08/2000,00Z,32.6,88%,998.8 Hpa,270º (W ),21.6,3/8,2/8 SC,AC,-,-,-,-,"Scattered clouds, mist"
MAKKO,18/08/2000,21Z,22.2,57%,-,calm.,,0/8,-,-,-,-,-,-,Clear
MAKKO,18/08/2000,18Z,26.4,31%,1004.6 Hpa,130º (SE),7.2,0/8,-,-,-,-,-,-,Clear
MAKKO,18/08/2000,12Z,30.4,23%,1004.2 Hpa,120º (SE),18.0,2/8,2/8 CU,-,-,-,-,-,Few clouds
MAKKO,18/08/2000,09Z,27.2,40%,-,calm.,,2/8,-,-,-,-,-,-,Few clouds
MAKKO,18/08/2000,06Z,24.0,47%,1006.4 Hpa,calm.,,0/8,-,-,-,-,-,-,Clear
MAKKO,18/08/2000,03Z,18.4,64%,-,calm.,,4/8,-,-,-,-,-,-,Scattered clouds
MAKKO,18/08/2000,00Z,20.8,66%,1006.0 Hpa,calm.,,0/8,-,-,-,-,-,-,Clear
MARAGHEH,18/08/2000,21Z,26.2,40%,-,070º (E ),21.6,0/8,-,-,-,-,-,-,Clear
MARAGHEH,18/08/2000,18Z,27.0,27%,1002.8 Hpa,calm.,,0/8,-,-,-,-,-,-,Clear
MARAGHEH,18/08/2000,12Z,32.6,25%,1002.0 Hpa,300º (NW),18.0,3/8,3/8 CU,-,-,-,-,-,Scattered clouds
MARAGHEH,18/08/2000,09Z,31.0,29%,-,calm.,,1/8,-,-,-,-,-,-,Few clouds
MARAGHEH,18/08/2000,06Z,25.8,40%,1004.2 Hpa,090º (E ),25.2,2/8,2/8 CU,-,-,-,-,-,Few clouds
MARAGHEH,18/08/2000,03Z,20.2,55%,-,110º (E ),14.4,4/8,-,-,-,-,-,-,Scattered clouds
MARAGHEH,18/08/2000,00Z,24.0,24%,1002.0 Hpa,calm.,,0/8,-,-,-,-,-,-,Clear
MASHHAD,18/08/2000,21Z,20.4,40%,-,270º (W ),7.2,0/8,-,-,-,-,-,-,Clear
MASHHAD,18/08/2000,18Z,22.4,33%,1011.0 Hpa,240º (SW),7.2,0/8,-,-,-,-,-,-11.3,Clear
MASHHAD,18/08/2000,15Z,26.4,22%,-,120º (SE),28.8,0/8,-,-,-,-,-,-,Clear
MASHHAD,18/08/2000,12Z,30.0,16%,1009.7 Hpa,060º (NE),21.6,0/8,-,-,-,-,-,-,Clear
MASHHAD,18/08/2000,09Z,28.4,36%,-,180º (S ),10.8,0/8,-,-,-,-,-,-,Clear
MASHHAD,18/08/2000,06Z,25.4,1275%,1014.0 Hpa,070º (E ),10.8,0/8,-,-,-,-,-,-,Clear
MASHHAD,18/08/2000,03Z,19.8,59%,-,calm.,,0/8,-,-,-,-,-,-,Clear
MASHHAD,18/08/2000,00Z,17.4,47%,1011.1 Hpa,calm.,,0/8,-,-,-,-,-,-,Clear
MASJED-SOLEYMAN,18/08/2000,18Z,37.4,11%,999.5 Hpa,calm.,,0/8,-,-,-,-,-,-,Clear
MASJED-SOLEYMAN,18/08/2000,12Z,45.4,5%,998.7 Hpa,260º (W ),21.6,0/8,-,-,-,-,-,-,Clear
MASJED-SOLEYMAN,18/08/2000,06Z,38.0,12%,1000.7 Hpa,calm.,,3/8,-,0/8 AC,-,-,-,-,"Scattered clouds, haze"
MASJED-SOLEYMAN,18/08/2000,00Z,33.0,12%,999.0 Hpa,calm.,,0/8,-,-,-,-,-,-,Clear
MOHABAD,18/08/2000,18Z,25.4,40%,1007.5 Hpa,calm.,,0/8,-,-,-,-,-,-,Clear
MOHABAD,18/08/2000,12Z,32.6,25%,1006.1 Hpa,060º (NE),10.8,3/8,3/8 CU,-,-,-,-,-,Scattered clouds
MOHABAD,18/08/2000,06Z,24.8,39%,1009.5 Hpa,calm.,,4/8,4/8 SC,-,-,-,-,-,Scattered clouds
MOHABAD,18/08/2000,00Z,20.0,50%,1007.6 Hpa,calm.,,0/8,-,-,-,-,-,-,Clear
NEHBANDAN,18/08/2000,12Z,33.8,6%,1003.3 Hpa,040º (NE),14.4,0/8,-,-,-,-,-,-,Clear
NEHBANDAN,18/08/2000,09Z,32.2,8%,-,010º (N),28.8,0/8,-,-,-,-,-,-,Clear
NEHBANDAN,18/08/2000,06Z,27.8,11%,1005.6 Hpa,010º (N),36.0,0/8,-,-,-,-,-,-,Clear
NEHBANDAN,18/08/2000,03Z,24.4,16%,-,340º (N ),21.6,0/8,-,-,-,-,-,-,Clear
NOSHAHR,18/08/2000,18Z,24.2,90%,1012.4 Hpa,calm.,,0/8,-,-,-,-,-,-,Clear
NOSHAHR,18/08/2000,12Z,29.6,61%,1011.7 Hpa,060º (NE),10.8,3/8,2/8 CU,AC,-,-,-,-,Scattered clouds
NOSHAHR,18/08/2000,06Z,27.6,75%,1013.0 Hpa,270º (W ),7.2,3/8,1/8 CU,AC,-,-,-,-,Scattered clouds
NOSHAHR,18/08/2000,00Z,22.2,91%,1012.2 Hpa,calm.,,0/8,-,-,-,-,-,-,Clear
OMIDYEH-AGHAJARI,18/08/2000,18Z,35.6,13%,1000.2 Hpa,310º (NW),18.0,2/8,-,-,CI,-,-,-,Few clouds
OMIDYEH-AGHAJARI,18/08/2000,12Z,47.0,10%,999.7 Hpa,310º (NW),43.2,0/8,-,-,-,-,-,-,Clear
OMIDYEH-AGHAJARI,18/08/2000,06Z,35.0,60%,1002.1 Hpa,calm.,,3/8,3/8 SC,-,-,-,-,-,"Scattered clouds, haze"
OMIDYEH-AGHAJARI,18/08/2000,00Z,34.6,15%,1000.2 Hpa,330º (NW),10.8,4/8,4/8 SC,-,-,-,-,-,Scattered clouds
ORUMIEH,18/08/2000,21Z,21.4,55%,-,calm.,,0/8,-,-,-,-,-,-,Clear
ORUMIEH,18/08/2000,18Z,23.0,59%,1003.0 Hpa,calm.,,0/8,-,-,-,-,-,-,Clear
ORUMIEH,18/08/2000,15Z,30.0,35%,-,calm.,,1/8,-,-,-,-,-,-,Few clouds
ORUMIEH,18/08/2000,12Z,31.4,28%,1003.8 Hpa,030º (NE),10.8,3/8,-,-,-,-,-,-,Scattered clouds
ORUMIEH,18/08/2000,09Z,28.8,32%,-,030º (NE),10.8,2/8,-,-,-,-,-,-,Few clouds
ORUMIEH,18/08/2000,06Z,25.4,50%,1005.4 Hpa,360º (N ),10.8,3/8,3/8 SC,-,-,-,-,-,Scattered clouds
ORUMIEH,18/08/2000,05Z,16.8,65%,-,calm.,,3/8,-,-,-,-,-,-,Scattered clouds
ORUMIEH,18/08/2000,03Z,16.8,65%,-,calm.,,3/8,-,-,-,-,-,-,Scattered clouds
ORUMIEH,18/08/2000,00Z,18.2,61%,1004.0 Hpa,calm.,,0/8,-,-,-,-,-,-,Clear
PARS ABAD MOGHAN,18/08/2000,12Z,31.6,50%,1007.2 Hpa,060º (NE),14.4,3/8,3/8 CU,-,-,-,-,-,Scattered clouds
PARS ABAD MOGHAN,18/08/2000,06Z,24.6,79%,1009.0 Hpa,calm.,,6/8,5/8 SC,AC,-,-,-,-,Cloudy
PARS ABAD MOGHAN,18/08/2000,00Z,21.8,84%,1008.0 Hpa,calm.,,0/8,-,-,-,-,-,-,Clear
RAMSAR,18/08/2000,21Z,25.0,79%,-,calm.,,0/8,-,-,-,-,-,-,Clear
RAMSAR,18/08/2000,18Z,26.0,81%,1011.9 Hpa,calm.,,0/8,-,-,-,-,-,-,Clear
RAMSAR,18/08/2000,15Z,28.6,69%,-,150º (SE),7.2,2/8,-,-,-,-,-,-,Few clouds
RAMSAR,18/08/2000,12Z,30.0,60%,1011.1 Hpa,080º (E ),14.4,1/8,1/8 CU,-,-,-,-,-,Few clouds
RAMSAR,18/08/2000,10Z,27.4,80%,-,3/0º (),18.0,5/8,-,-,-,-,-,-,Cloudy
RAMSAR,18/08/2000,09Z,28.8,72%,-,040º (NE),14.4,1/8,-,-,-,-,-,-,Few clouds
RAMSAR,18/08/2000,03Z,24.6,91%,-,020º (N),3.6,8/8,-,-,-,-,-,-,Overcast
RAMSAR,18/08/2000,00Z,24.6,84%,1011.8 Hpa,calm.,,4/8,-,4/8 AC,-,-,-,-,Scattered clouds
RASHT,18/08/2000,21Z,24.0,90%,-,calm.,,0/8,-,-,-,-,-,-,Clear
RASHT,18/08/2000,18Z,25.0,83%,1014.2 Hpa,calm.,,3/8,-,3/8 AC,-,-,-,-,Scattered clouds
RASHT,18/08/2000,12Z,31.4,53%,1012.8 Hpa,030º (NE),21.6,4/8,4/8 CU/SC,-,-,-,-,-,Scattered clouds
RASHT,18/08/2000,09Z,30.2,57%,-,060º (NE),14.4,3/8,-,-,-,-,-,-,Scattered clouds
RASHT,18/08/2000,06Z,26.0,83%,1015.0 Hpa,calm.,,6/8,4/8 SC,AC,-,1.4(24h),-,-,Cloudy
RASHT,18/08/2000,03Z,23.0,94%,-,calm.,,8/8,-,-,-,-,-,-,Overcast
RASHT,18/08/2000,00Z,24.2,90%,1014.2 Hpa,calm.,,0/8,-,-,-,-,-,-,Clear
SABZEVAR,18/08/2000,21Z,23.2,28%,-,090º (E ),21.6,0/8,-,-,-,-,-,-,Clear
SABZEVAR,18/08/2000,18Z,26.6,17%,1010.4 Hpa,070º (E ),21.6,0/8,-,-,-,-,-,-,Clear
SABZEVAR,18/08/2000,12Z,33.4,10%,1008.1 Hpa,120º (SE),14.4,0/8,-,-,-,-,-,-,Clear
SABZEVAR,18/08/2000,09Z,30.6,15%,-,calm.,,0/8,-,-,-,-,-,-,Clear
SABZEVAR,18/08/2000,06Z,26.8,26%,1013.7 Hpa,120º (SE),18.0,0/8,-,-,-,-,-,-,Clear
SABZEVAR,18/08/2000,03Z,23.0,34%,-,070º (E ),10.8,0/8,-,-,-,-,-,-,Clear
SABZEVAR,18/08/2000,00Z,22.0,27%,1010.6 Hpa,090º (E ),7.2,0/8,-,-,-,-,-,-,Clear
SAFI-ABAD DEZFUL,18/08/2000,18Z,34.6,26%,999.6 Hpa,calm.,,0/8,-,-,-,-,-,-,Clear
SAFI-ABAD DEZFUL,18/08/2000,12Z,44.0,15%,999.4 Hpa,270º (W ),18.0,0/8,-,-,-,-,-,-,Clear
SAFI-ABAD DEZFUL,18/08/2000,06Z,35.6,53%,1001.8 Hpa,150º (SE),10.8,0/8,-,-,-,-,-,-,"Clear, haze"
SAFI-ABAD DEZFUL,18/08/2000,00Z,26.8,37%,999.2 Hpa,360º (N ),7.2,0/8,-,-,-,-,-,-,Clear
SAGHEZ,18/08/2000,18Z,27.8,21%,1001.4 Hpa,calm.,,0/8,-,-,-,-,-,-,Clear
SAGHEZ,18/08/2000,06Z,26.4,19%,1003.3 Hpa,calm.,,0/8,-,-,-,-,-,-,Clear
SAGHEZ,18/08/2000,00Z,17.6,33%,1002.8 Hpa,calm.,,0/8,-,-,-,-,-,-,Clear
SANANDAJ,18/08/2000,21Z,23.4,31%,-,calm.,,0/8,-,-,-,-,-,-,Clear
SANANDAJ,18/08/2000,18Z,30.4,20%,999.3 Hpa,110º (E ),7.2,1/8,1/8 CU,-,-,-,-,-,Few clouds
SANANDAJ,18/08/2000,12Z,36.4,10%,997.9 Hpa,320º (NW),7.2,3/8,3/8 CU,-,-,-,-,-,Scattered clouds
SANANDAJ,18/08/2000,09Z,34.0,19%,999.9 Hpa,020º (N),7.2,0/8,-,-,-,-,-,-,Clear
SANANDAJ,18/08/2000,06Z,28.4,24%,1001.8 Hpa,360º (N ),10.8,0/8,-,-,-,-,-,-,Clear
SANANDAJ,18/08/2000,03Z,23.4,32%,-,040º (NE),14.4,0/8,-,-,-,-,-,-,Clear
SANANDAJ,18/08/2000,00Z,19.8,41%,1000.3 Hpa,calm.,,0/8,-,-,-,-,-,-,Clear
SARAB,18/08/2000,21Z,17.8,76%,1007.0 Hpa,calm.,,4/8,3/8 SC,AC,-,-,-,-,Scattered clouds
SARAB,18/08/2000,18Z,18.2,79%,1009.5 Hpa,060º (NE),18.0,4/8,2/8 SC,AC,-,-,-,-,Scattered clouds
SARAB,18/08/2000,12Z,29.0,34%,1006.0 Hpa,060º (NE),25.2,3/8,3/8 CU,-,-,-,-,-,Scattered clouds
SARAB,18/08/2000,09Z,28.6,33%,-,130º (SE),7.2,3/8,-,-,-,-,-,-,Scattered clouds
SARAB,18/08/2000,06Z,21.4,56%,1010.1 Hpa,calm.,,2/8,-,-,-,-,-,-,Few clouds
SARAB,18/08/2000,03Z,14.4,86%,-,calm.,,1/8,-,-,-,-,-,-,Few clouds
SARAB,18/08/2000,00Z,16.0,86%,1007.5 Hpa,calm.,,1/8,-,1/8 AC,-,-,-,-,Few clouds
SARAKHS,18/08/2000,15Z,25.4,32%,-,calm.,,0/8,-,-,-,-,-,-,Clear
SARAKHS,18/08/2000,12Z,32.8,18%,1007.8 Hpa,330º (NW),14.4,0/8,-,-,-,-,-,-,Clear
SARAKHS,18/08/2000,06Z,29.0,21%,1009.6 Hpa,calm.,,0/8,-,-,-,-,-,-,Clear
SARAKHS,18/08/2000,00Z,20.0,42%,1008.3 Hpa,calm.,,0/8,-,-,-,-,-,-,Clear
SARAVAN,18/08/2000,21Z,26.4,10%,-,330º (NW),10.8,0/8,-,-,-,-,-,-,Clear
SARAVAN,18/08/2000,18Z,28.4,6%,1001.4 Hpa,020º (N),28.8,0/8,-,-,-,-,-,-,"Clear, dust"
SARAVAN,18/08/2000,12Z,35.4,2%,997.6 Hpa,360º (N ),32.4,0/8,-,-,-,-,-,-,"Clear, dust"
SARAVAN,18/08/2000,09Z,35.8,7%,998.1 Hpa,360º (N ),14.4,0/8,-,-,-,-,-,-,Clear
SARAVAN,18/08/2000,06Z,32.2,9%,1000.4 Hpa,310º (NW),10.8,0/8,-,-,-,-,-,-,Clear
SARAVAN,18/08/2000,03Z,28.6,14%,-,360º (N ),21.6,0/8,-,-,-,-,-,-,Clear
SARAVAN,18/08/2000,00Z,24.4,13%,1001.2 Hpa,330º (NW),10.8,0/8,-,-,-,-,-,-,"Clear, haze"
SEMNAN,18/08/2000,18Z,29.6,28%,1008.2 Hpa,090º (E ),7.2,3/8,2/8 SC,AC,-,-,-,-,Scattered clouds
SEMNAN,18/08/2000,12Z,33.8,24%,1004.4 Hpa,060º (NE),10.8,3/8,3/8 CU,-,-,-,-,-,Scattered clouds
SEMNAN,18/08/2000,09Z,32.4,24%,-,020º (N),252.0,3/8,-,-,-,-,-,-,Scattered clouds
SEMNAN,18/08/2000,06Z,30.0,29%,1007.1 Hpa,calm.,,3/8,-,3/8 AC,-,-,-,-,Scattered clouds
SEMNAN,18/08/2000,03Z,24.4,43%,-,calm.,,6/8,-,-,-,-,-,-,Cloudy
SEMNAN,18/08/2000,00Z,25.6,33%,1005.4 Hpa,330º (NW),7.2,0/8,-,-,-,-,-,-,Clear
SHAHRE-KORD,18/08/2000,21Z,22.0,32%,-,calm.,,0/8,-,-,-,-,-,-,Clear
SHAHRE-KORD,18/08/2000,18Z,25.4,18%,1001.5 Hpa,110º (E ),14.4,1/8,1/8 SC,-,-,-,-,-,Few clouds
SHAHRE-KORD,18/08/2000,03Z,14.2,39%,-,calm.,,0/8,-,-,-,-,-,-,Clear
SHAHRE-KORD,18/08/2000,00Z,19.8,34%,1001.1 Hpa,calm.,,0/8,-,-,-,-,-,-,Clear
SHAHRUD,18/08/2000,18Z,22.6,40%,1008.5 Hpa,090º (E ),7.2,0/8,-,-,-,-,-,-,Clear
SHAHRUD,18/08/2000,12Z,29.8,22%,1006.8 Hpa,110º (E ),28.8,0/8,-,-,-,-,-,-,Clear
SHAHRUD,18/08/2000,09Z,29.0,25%,-,110º (E ),7.2,0/8,-,-,-,-,-,-,Clear
SHAHRUD,18/08/2000,06Z,25.6,30%,1010.2 Hpa,calm.,,0/8,-,-,-,-,-,-,Clear
SHAHRUD,18/08/2000,03Z,19.4,40%,-,calm.,,0/8,-,-,-,-,-,-,Clear
SHAHRUD,18/08/2000,00Z,20.0,37%,1007.6 Hpa,calm.,,0/8,-,-,-,-,-,-,Clear
SHIRAZ,18/08/2000,21Z,27.4,32%,998.2 Hpa,calm.,,5/8,-,0/8 AC,-,-,-,-,"Cloudy, haze"
SHIRAZ,18/08/2000,18Z,30.4,29%,998.0 Hpa,300º (NW),10.8,1/8,-,0/8 AC,-,-,-,-,"Few clouds, dust"
SHIRAZ,18/08/2000,15Z,35.4,16%,998.0 Hpa,calm.,,3/8,2/8 SC,AC,CI,-,37.8,-,Scattered clouds
SHIRAZ,18/08/2000,12Z,36.8,13%,997.7 Hpa,090º (E ),14.4,3/8,2/8 CU,AC,CI,-,-,-,Scattered clouds
SHIRAZ,18/08/2000,09Z,35.8,16%,999.3 Hpa,100º (E ),10.8,2/8,2/8 CU,-,-,-,-,-,Few clouds
SHIRAZ,18/08/2000,06Z,30.8,29%,1000.4 Hpa,calm.,,0/8,-,-,-,-,-,-,Clear
SHIRAZ,18/08/2000,03Z,21.6,43%,-,300º (NW),7.2,0/8,-,-,-,-,-,-,Clear
SHIRAZ,18/08/2000,00Z,25.2,31%,998.5 Hpa,calm.,,0/8,-,-,-,-,-,-,Clear
SIRI ISLAND,18/08/2000,12Z,37.0,197%,999.1 Hpa,240º (SW),21.6,0/8,-,-,-,-,-,-,"Clear, haze"
SIRI ISLAND,18/08/2000,09Z,37.2,57%,-,240º (SW),10.8,0/8,-,-,-,-,-,-,Clear
SIRI ISLAND,18/08/2000,06Z,35.6,68%,-,230º (SW),14.4,0/8,-,-,-,-,-,-,Clear
SIRI ISLAND,18/08/2000,03Z,33.6,76%,999.8 Hpa,calm.,,0/8,-,-,-,-,-,33.4,"Clear, haze"
SIRJAN,18/08/2000,21Z,25.6,23%,997.3 Hpa,060º (NE),18.0,2/8,2/8 SC,-,-,-,-,-,Few clouds
SIRJAN,18/08/2000,18Z,27.8,20%,998.5 Hpa,030º (NE),21.6,0/8,-,-,-,-,-,-,Clear
SIRJAN,18/08/2000,12Z,34.4,11%,996.8 Hpa,340º (N ),28.8,3/8,3/8 SC,-,-,-,-,-,Scattered clouds
SIRJAN,18/08/2000,09Z,33.6,11%,997.7 Hpa,310º (NW),25.2,4/8,4/8 SC,-,-,-,-,-,Scattered clouds
SIRJAN,18/08/2000,06Z,29.4,18%,999.5 Hpa,calm.,,3/8,1/8 SC,-,CI,-,-,-,Scattered clouds
SIRJAN,18/08/2000,03Z,21.6,25%,999.7 Hpa,calm.,,1/8,1/8 SC,-,-,-,-,18.0,Few clouds
SIRJAN,18/08/2000,00Z,23.0,26%,997.8 Hpa,360º (N ),18.0,0/8,-,-,-,-,-,-,Clear
TABAS,18/08/2000,18Z,31.2,13%,1004.5 Hpa,030º (NE),10.8,0/8,-,-,-,-,-,-,Clear
TABAS,18/08/2000,12Z,37.8,12%,1002.7 Hpa,330º (NW),18.0,0/8,-,-,-,-,-,-,Clear
TABAS,18/08/2000,06Z,32.2,20%,1006.5 Hpa,200º (S ),7.2,0/8,-,-,-,-,-,-,"Clear, dust"
TABAS,18/08/2000,00Z,25.6,22%,1004.8 Hpa,calm.,,0/8,-,-,-,-,-,-,Clear
TABRIZ,18/08/2000,21Z,24.2,51%,-,070º (E ),25.2,0/8,-,-,-,-,-,-,Clear
TABRIZ,18/08/2000,18Z,26.8,45%,1005.9 Hpa,060º (NE),14.4,0/8,-,-,-,-,-,-,Clear
TABRIZ,18/08/2000,15Z,31.8,28%,-,180º (S ),7.2,3/8,-,-,-,-,-,-,Scattered clouds
TABRIZ,18/08/2000,12Z,31.6,29%,1004.5 Hpa,210º (SW),7.2,7/8,6/8 CB,AC,-,-,-,-,Cloudy
TABRIZ,18/08/2000,09Z,30.4,33%,-,calm.,,3/8,-,-,-,-,-,-,Scattered clouds
TABRIZ,18/08/2000,06Z,24.8,46%,1007.2 Hpa,090º (E ),18.0,3/8,3/8 CU,-,-,-,-,-,Scattered clouds
TABRIZ,18/08/2000,03Z,21.4,56%,-,090º (E ),25.2,2/8,-,-,-,-,-,-,Few clouds
TABRIZ,18/08/2000,00Z,22.8,58%,1005.2 Hpa,090º (E ),32.4,0/8,-,-,-,-,-,-,Clear
TEHRAN-MEHRABAD,18/08/2000,21Z,28.6,59%,-,calm.,,0/8,-,-,-,-,-,-,Clear
TEHRAN-MEHRABAD,18/08/2000,18Z,30.8,53%,1005.6 Hpa,calm.,,0/8,-,-,-,-,-,-,Clear
TEHRAN-MEHRABAD,18/08/2000,15Z,32.4,43%,-,160º (S ),7.2,4/8,-,-,-,-,-,-,Scattered clouds
TEHRAN-MEHRABAD,18/08/2000,12Z,33.6,43%,1004.2 Hpa,150º (SE),14.4,3/8,1/8 SC,AC,-,-,-,-,Scattered clouds
TEHRAN-MEHRABAD,18/08/2000,09Z,31.4,46%,-,180º (S ),14.4,1/8,-,-,-,-,-,-,Few clouds
TEHRAN-MEHRABAD,18/08/2000,06Z,27.4,51%,1007.7 Hpa,180º (S ),10.8,1/8,1/8 SC,-,-,-,-,-,Few clouds
TEHRAN-MEHRABAD,18/08/2000,03Z,26.2,70%,-,calm.,,6/8,-,-,-,-,-,-,Cloudy
TEHRAN-MEHRABAD,18/08/2000,00Z,27.0,57%,1005.4 Hpa,calm.,,5/8,1/8 SC,AC,-,-,-,-,Cloudy
TORBAT-HEYDARIEH,18/08/2000,21Z,17.6,36%,-,calm.,,0/8,-,-,-,-,-,-,Clear
TORBAT-HEYDARIEH,18/08/2000,18Z,21.2,34%,1008.3 Hpa,020º (N),25.2,0/8,-,-,-,-,-,-,Clear
TORBAT-HEYDARIEH,18/08/2000,12Z,28.6,22%,1006.9 Hpa,100º (E ),21.6,0/8,-,-,-,-,-,-,Clear
TORBAT-HEYDARIEH,18/08/2000,09Z,27.2,27%,-,calm.,,0/8,-,-,-,-,-,-,Clear
TORBAT-HEYDARIEH,18/08/2000,06Z,23.2,38%,1009.2 Hpa,090º (E ),10.8,0/8,-,-,-,-,-,-,Clear
TORBAT-HEYDARIEH,18/08/2000,03Z,18.2,53%,-,calm.,,0/8,-,-,-,-,-,-,Clear
TORBAT-HEYDARIEH,18/08/2000,00Z,17.2,40%,1007.4 Hpa,calm.,,0/8,-,-,-,-,-,-,Clear
YASOGE,18/08/2000,21Z,24.4,22%,-,calm.,,4/8,-,-,-,-,-,-,Scattered clouds
YASOGE,18/08/2000,18Z,28.4,14%,1002.2 Hpa,calm.,,3/8,3/8 SC,-,-,-,-,-,Scattered clouds
YASOGE,18/08/2000,12Z,33.2,5%,1001.8 Hpa,190º (S ),14.4,5/8,3/8 CB,AC,-,-,-,-,Cloudy
YASOGE,18/08/2000,09Z,33.8,6%,-,190º (S ),7.2,3/8,-,-,-,-,-,-,Scattered clouds
YASOGE,18/08/2000,06Z,26.4,23%,1005.0 Hpa,calm.,,0/8,-,-,-,1.0(24h),-,-,Clear
YASOGE,18/08/2000,03Z,19.0,38%,-,calm.,,0/8,-,-,-,-,-,-,Clear
YAZD,18/08/2000,21Z,26.4,19%,-,180º (S ),10.8,0/8,-,-,-,-,-,-,Clear
YAZD,18/08/2000,18Z,31.0,15%,1003.0 Hpa,210º (SW),18.0,0/8,-,-,-,-,-,-,Clear
YAZD,18/08/2000,12Z,37.2,11%,1000.9 Hpa,290º (W ),7.2,1/8,1/8 CU,-,-,-,-,-,Few clouds
YAZD,18/08/2000,09Z,35.0,15%,-,020º (N),7.2,1/8,-,-,-,-,-,-,Few clouds
YAZD,18/08/2000,06Z,30.2,21%,1004.5 Hpa,300º (NW),14.4,0/8,-,2/8 AC,-,-,-,-,Clear
YAZD,18/08/2000,03Z,24.6,28%,-,270º (W ),10.8,4/8,-,-,-,-,-,-,Scattered clouds
YAZD,18/08/2000,00Z,22.0,29%,1003.4 Hpa,290º (W ),10.8,0/8,-,-,-,-,-,-,Clear
ZABOL,18/08/2000,18Z,30.6,22%,1001.7 Hpa,320º (NW),43.2,0/8,-,-,-,-,-,-,"Clear, dust"
ZABOL,18/08/2000,12Z,37.2,17%,999.8 Hpa,320º (NW),46.8,0/8,-,-,-,-,-,-,"Clear, dust"
ZABOL,18/08/2000,06Z,30.4,24%,1002.6 Hpa,320º (NW),90.0,0/8,-,-,-,-,-,-,"Clear, dust storm"
ZABOL,18/08/2000,00Z,27.0,29%,1000.3 Hpa,320º (NW),61.2,0/8,-,-,-,-,-,-,"Clear, dust"
ZAHEDAN,18/08/2000,21Z,22.0,29%,-,310º (NW),10.8,0/8,-,-,-,-,-,-,Clear
ZAHEDAN,18/08/2000,18Z,25.4,24%,1002.4 Hpa,040º (NE),25.2,0/8,-,-,-,-,-,-43.6,"Clear, dust"
ZAHEDAN,18/08/2000,15Z,28.6,19%,-,360º (N ),25.2,0/8,-,-,-,-,-,-,Clear
ZAHEDAN,18/08/2000,12Z,32.0,15%,998.7 Hpa,040º (NE),28.8,0/8,-,-,-,-,-,-,"Clear, dust"
ZAHEDAN,18/08/2000,09Z,29.2,17%,-,060º (NE),18.0,0/8,-,-,-,-,-,-,Clear
ZAHEDAN,18/08/2000,06Z,27.6,19%,1001.4 Hpa,030º (NE),18.0,0/8,-,-,-,-,-,-,Clear
ZAHEDAN,18/08/2000,03Z,22.4,39%,-,310º (NW),7.2,0/8,-,-,-,-,-,-,Clear
ZAHEDAN,18/08/2000,00Z,16.0,44%,1000.1 Hpa,190º (S ),10.8,0/8,-,-,-,-,-,-,"Clear, haze"
ZANJAN,18/08/2000,21Z,21.2,45%,-,090º (E ),7.2,0/8,-,-,-,-,-,-,Clear
ZANJAN,18/08/2000,18Z,25.2,32%,-,060º (NE),21.6,1/8,-,-,-,-,-,-,Few clouds
ZANJAN,18/08/2000,12Z,30.8,19%,1004.7 Hpa,180º (S ),10.8,1/8,1/8 CU,-,-,-,-,-,Few clouds
ZANJAN,18/08/2000,09Z,29.2,23%,-,100º (E ),25.2,0/8,-,-,-,-,-,-,Clear
ZANJAN,18/08/2000,06Z,23.2,45%,1007.5 Hpa,080º (E ),14.4,0/8,-,-,-,-,-,-,Clear
ZANJAN,18/08/2000,03Z,13.6,82%,-,calm.,,0/8,-,-,-,-,-,-,Clear
ZANJAN,18/08/2000,00Z,18.0,57%,1005.1 Hpa,090º (E ),10.8,1/8,1/8 SC,-,-,-,-,-,Few clouds
