Station ∆,Date,UTC time,Temp. (ºC),Rel. Hum. (%),Pressure/ Geopot.,Wind dir,Wins speed (Km/h),Clouds,Low clouds,Medium clouds,High clouds,Prec. (mm),Max temp. (ºC),Min temp. (ºC),Conditions
ABADAN,16/08/2000,21Z,33.6,25%,997.9 Hpa,320º (NW),14.4,0/8,-,-,-,-,-,-,Clear
ABADAN,16/08/2000,18Z,38.4,12%,997.0 Hpa,320º (NW),18.0,0/8,-,-,-,-,-,-,Clear
ABADAN,16/08/2000,15Z,46.6,5%,996.0 Hpa,330º (NW),28.8,0/8,-,-,-,-,49.8,-,"Clear, dust"
ABADAN,16/08/2000,12Z,49.0,5%,996.2 Hpa,360º (N ),36.0,1/8,-,0/8 AC,-,-,-,-,Few clouds
ABADAN,16/08/2000,09Z,45.6,10%,998.8 Hpa,340º (N ),10.8,1/8,-,0/8 AC,-,-,-,-,Few clouds
ABADAN,16/08/2000,06Z,39.8,13%,999.0 Hpa,330º (NW),10.8,0/8,-,-,-,-,-,-,Clear
ABADAN,16/08/2000,03Z,31.8,25%,997.7 Hpa,320º (NW),7.2,0/8,-,-,-,-,-,31.8,Clear
ABADAN,16/08/2000,00Z,31.6,24%,998.5 Hpa,calm.,,0/8,-,-,-,-,-,-,Clear
ABADEH,16/08/2000,21Z,18.0,20%,-,calm.,,0/8,-,-,-,-,-,-,Clear
ABADEH,16/08/2000,15Z,30.0,5%,-,010º (N),7.2,0/8,-,-,-,-,-,-,Clear
ABADEH,16/08/2000,12Z,31.8,8%,999.8 Hpa,calm.,,0/8,-,-,-,-,-,-,Clear
ABADEH,16/08/2000,09Z,30.8,3%,-,010º (N),10.8,0/8,-,-,-,-,-,-,Clear
ABADEH,16/08/2000,06Z,25.6,11%,1001.5 Hpa,calm.,,0/8,-,-,-,-,-,-,Clear
ABADEH,16/08/2000,03Z,13.8,15%,-,calm.,,0/8,-,-,-,-,-,-,Clear
ABADEH,16/08/2000,00Z,14.4,23%,1000.6 Hpa,calm.,,0/8,-,-,-,-,-,-,Clear
ABU MUSA,16/08/2000,12Z,35.6,10%,997.8 Hpa,030º (NE),14.4,0/8,-,-,-,-,-,-,"Clear, haze"
ABU MUSA,16/08/2000,06Z,34.0,232%,1000.9 Hpa,120º (SE),10.8,0/8,-,-,-,-,-,-,"Clear, haze"
AHAR,16/08/2000,21Z,18.0,62%,-,080º (E ),10.8,4/8,-,-,-,-,-,-,Scattered clouds
AHAR,16/08/2000,18Z,20.0,59%,1011.3 Hpa,070º (E ),14.4,1/8,1/8 ST,-,-,-,-,-,Few clouds
AHAR,16/08/2000,15Z,24.8,41%,-,050º (NE),18.0,1/8,-,-,-,-,-,-,Few clouds
AHAR,16/08/2000,12Z,26.4,32%,1008.0 Hpa,080º (E ),18.0,1/8,1/8 CU,-,-,-,-,-,Few clouds
AHAR,16/08/2000,09Z,24.4,35%,-,040º (NE),18.0,0/8,-,-,-,-,-,-,Clear
AHAR,16/08/2000,06Z,20.8,44%,1010.8 Hpa,120º (SE),7.2,0/8,-,-,-,1.0(24h),-,-,Clear
AHAR,16/08/2000,03Z,16.0,59%,-,040º (NE),7.2,0/8,-,-,-,-,-,-,Clear
AHAR,16/08/2000,00Z,16.4,66%,1010.9 Hpa,calm.,,1/8,-,1/8 AC,-,-,-,-,Few clouds
AHWAZ,16/08/2000,21Z,36.2,25%,997.9 Hpa,calm.,,0/8,-,-,-,-,-,-,Clear
AHWAZ,16/08/2000,18Z,40.8,23%,996.8 Hpa,300º (NW),10.8,0/8,-,-,-,-,-,-,Clear
AHWAZ,16/08/2000,15Z,45.2,18%,995.2 Hpa,calm.,,2/8,2/8 SC,-,-,-,47.8,-,Few clouds
AHWAZ,16/08/2000,12Z,47.0,15%,996.1 Hpa,340º (N ),14.4,1/8,-,0/8 AC,-,-,-,-,Few clouds
AHWAZ,16/08/2000,09Z,44.8,19%,998.1 Hpa,190º (S ),7.2,0/8,-,-,-,-,-,-,"Clear, haze"
AHWAZ,16/08/2000,06Z,37.4,24%,998.7 Hpa,calm.,,3/8,-,0/8 AC,-,-,-,-,"Scattered clouds, haze"
AHWAZ,16/08/2000,03Z,30.8,38%,997.3 Hpa,calm.,,0/8,-,-,-,-,-,30.6,"Clear, haze"
AHWAZ,16/08/2000,00Z,32.6,76%,997.9 Hpa,calm.,,0/8,-,-,-,-,-,-,Clear
ALI-GOODARZ,16/08/2000,21Z,25.2,18%,998.1 Hpa,calm.,,4/8,-,4/8 AC,-,-,-,-,Scattered clouds
ALI-GOODARZ,16/08/2000,18Z,28.0,10%,999.3 Hpa,060º (NE),25.2,0/8,-,-,-,-,-,-,Clear
ALI-GOODARZ,16/08/2000,15Z,30.0,16%,-,300º (NW),21.6,3/8,-,-,-,-,-,-,Scattered clouds
ALI-GOODARZ,16/08/2000,12Z,32.8,12%,997.4 Hpa,300º (NW),18.0,4/8,-,4/8 AC,-,-,-,-,Scattered clouds
ALI-GOODARZ,16/08/2000,09Z,32.4,7%,998.0 Hpa,180º (S ),14.4,5/8,5/8 SC,AC,-,-,-,-,Cloudy
ALI-GOODARZ,16/08/2000,06Z,26.2,14%,1001.6 Hpa,180º (S ),18.0,4/8,-,-,-,-,-,-,Scattered clouds
ALI-GOODARZ,16/08/2000,03Z,16.2,19%,-,130º (SE),18.0,0/8,-,-,-,-,-,-,Clear
ALI-GOODARZ,16/08/2000,00Z,22.0,18%,998.7 Hpa,120º (SE),18.0,0/8,-,-,-,-,-,-,Clear
ANZALI,16/08/2000,21Z,26.6,76%,-,calm.,,7/8,-,-,-,-,-,-,Cloudy
ANZALI,16/08/2000,18Z,28.4,61%,1014.6 Hpa,calm.,,7/8,2/8 SC,AC,-,-,-,-,Cloudy
ANZALI,16/08/2000,15Z,28.6,65%,-,090º (E ),3.6,7/8,-,-,-,-,-,-,Cloudy
ANZALI,16/08/2000,12Z,29.0,64%,1013.2 Hpa,070º (E ),14.4,5/8,2/8 CU,AC,-,-,-,-,Cloudy
ANZALI,16/08/2000,09Z,29.0,64%,-,050º (NE),18.0,5/8,-,-,-,-,-,-,Cloudy
ANZALI,16/08/2000,06Z,28.6,67%,1014.4 Hpa,030º (NE),10.8,7/8,3/8 SC,AC,-,1.1(24h),-,-,Cloudy
ANZALI,16/08/2000,03Z,26.0,65%,-,calm.,,7/8,-,-,-,-,-,-,Cloudy
ANZALI,16/08/2000,00Z,25.2,81%,1014.5 Hpa,320º (NW),7.2,8/8,5/8 CB,AC,,2.0(6h),-,-,"Overcast, rain showers"
ARAK,16/08/2000,21Z,25.4,16%,999.5 Hpa,calm.,,5/8,1/8 SC,AC,-,-,-,-,Cloudy
ARAK,16/08/2000,18Z,27.6,16%,999.4 Hpa,calm.,,5/8,2/8 SC,AC,-,-,-,-,Cloudy
ARAK,16/08/2000,16Z,27.6,16%,-,calm.,,3/8,-,-,-,-,-,-,Scattered clouds
ARAK,16/08/2000,15Z,29.4,18%,998.5 Hpa,050º (NE),21.6,4/8,2/8 SC,AC,-,-,34.5,-,Scattered clouds
ARAK,16/08/2000,12Z,33.2,12%,996.2 Hpa,050º (NE),28.8,3/8,2/8 SC,AC,-,-,-,-,Scattered clouds
ARAK,16/08/2000,09Z,31.8,14%,999.1 Hpa,060º (NE),10.8,2/8,-,2/8 AC,-,-,-,-,Few clouds
ARAK,16/08/2000,00Z,22.4,26%,999.8 Hpa,calm.,,4/8,1/8 SC,AC,-,-,-,-,Scattered clouds
ARDEBIL,16/08/2000,21Z,13.2,87%,-,calm.,,0/8,-,-,-,-,-,-,Clear
ARDEBIL,16/08/2000,18Z,15.0,87%,1012.0 Hpa,090º (E ),21.6,2/8,2/8 ST,-,-,-,-,-,Few clouds
ARDEBIL,16/08/2000,15Z,18.0,80%,-,090º (E ),36.0,2/8,-,-,-,-,-,-,Few clouds
ARDEBIL,16/08/2000,12Z,22.4,48%,1010.6 Hpa,090º (E ),43.2,1/8,1/8 ST,-,-,-,-,-,Few clouds
ARDEBIL,16/08/2000,09Z,23.0,42%,-,090º (E ),43.2,1/8,-,-,-,-,-,-,Few clouds
ARDEBIL,16/08/2000,06Z,20.4,50%,1013.5 Hpa,090º (E ),25.2,0/8,-,-,-,-,-,-,Clear
ARDEBIL,16/08/2000,03Z,13.0,73%,-,calm.,,1/8,-,-,-,-,-,-,Few clouds
ARDEBIL,16/08/2000,00Z,10.0,93%,1013.8 Hpa,calm.,,0/8,-,-,-,-,-,-,Clear
BABULSAR,16/08/2000,21Z,24.2,76%,-,180º (S ),7.2,8/8,-,-,-,-,-,-,Overcast
BABULSAR,16/08/2000,18Z,24.6,79%,1013.6 Hpa,calm.,,7/8,3/8 SC,AC,-,-,-,-,Cloudy
BABULSAR,16/08/2000,15Z,26.8,74%,-,270º (W ),14.4,8/8,-,-,-,-,-,-,Overcast
BABULSAR,16/08/2000,12Z,29.8,63%,1011.7 Hpa,320º (NW),10.8,8/8,4/8 CB,AC,,-,-,-,Overcast
BABULSAR,16/08/2000,09Z,30.2,65%,-,340º (N ),14.4,7/8,-,-,-,-,-,-,Cloudy
BABULSAR,16/08/2000,06Z,26.6,78%,1013.0 Hpa,280º (W ),7.2,7/8,3/8 CB,AC,-,-,-,-,Cloudy
BABULSAR,16/08/2000,03Z,25.6,81%,-,210º (SW),7.2,7/8,-,-,-,-,-,-,Cloudy
BABULSAR,16/08/2000,00Z,22.8,82%,1013.7 Hpa,190º (S ),7.2,7/8,3/8 SC,AC,-,-,-,-,Cloudy
BAFT,16/08/2000,21Z,23.4,32%,997.0 Hpa,calm.,,0/8,-,-,-,-,-,-,Clear
BAFT,16/08/2000,18Z,24.6,35%,997.1 Hpa,160º (S ),10.8,0/8,-,-,-,-,-,-,Clear
BAFT,16/08/2000,15Z,27.8,25%,996.0 Hpa,180º (S ),14.4,3/8,3/8 SC,-,-,-,31.4,-,Scattered clouds
BAFT,16/08/2000,12Z,30.4,25%,994.6 Hpa,180º (S ),18.0,0/8,-,-,-,-,-,-,Clear
BAFT,16/08/2000,09Z,29.0,26%,997.0 Hpa,calm.,,0/8,-,-,-,-,-,-,Clear
BAFT,16/08/2000,06Z,26.4,29%,998.8 Hpa,calm.,,0/8,-,-,-,-,-,-,Clear
BAFT,16/08/2000,03Z,20.2,42%,998.1 Hpa,calm.,,0/8,-,-,-,-,-,17.0,Clear
BAFT,16/08/2000,00Z,21.6,32%,996.8 Hpa,030º (NE),10.8,0/8,-,-,-,-,-,-,Clear
BAM,16/08/2000,21Z,28.0,15%,999.0 Hpa,300º (NW),18.0,0/8,-,-,-,-,-,-,Clear
BAM,16/08/2000,18Z,29.6,13%,999.0 Hpa,calm.,,0/8,-,-,-,-,-,-,Clear
BAM,16/08/2000,15Z,35.0,11%,997.0 Hpa,030º (NE),10.8,0/8,-,-,-,-,38.4,-,Clear
BAM,16/08/2000,12Z,37.6,10%,996.8 Hpa,calm.,,0/8,-,-,-,-,-,-,Clear
BAM,16/08/2000,09Z,37.4,8%,999.8 Hpa,030º (NE),14.4,0/8,-,-,-,-,-,-,Clear
BAM,16/08/2000,06Z,35.4,10%,999.7 Hpa,calm.,,0/8,-,-,-,-,-,-,Clear
BAM,16/08/2000,03Z,27.0,14%,-,270º (W ),14.4,0/8,-,-,-,-,-,-,Clear
BAM,16/08/2000,00Z,27.0,15%,999.4 Hpa,310º (NW),14.4,0/8,-,-,-,-,-,-,Clear
BANDAR LENGEH,16/08/2000,15Z,35.0,64%,996.5 Hpa,200º (S ),7.2,1/8,1/8 SC,-,-,-,36.0,-,"Few clouds, haze"
BANDAR LENGEH,16/08/2000,12Z,35.8,72%,997.1 Hpa,190º (S ),7.2,0/8,-,-,-,-,-,-,"Clear, haze"
BANDAR LENGEH,16/08/2000,09Z,34.8,69%,999.5 Hpa,140º (SE),7.2,1/8,-,1/8 AC,-,-,-,-,"Few clouds, haze"
BANDAR LENGEH,16/08/2000,06Z,34.2,75%,1000.5 Hpa,130º (SE),7.2,5/8,2/8 SC,AC,-,-,-,-,"Cloudy, haze"
BANDAR LENGEH,16/08/2000,03Z,32.4,80%,999.0 Hpa,calm.,,6/8,2/8 SC,AC,-,-,-,31.4,"Cloudy, mist"
BANDARABBASS,16/08/2000,21Z,32.2,75%,-,calm.,,0/8,-,-,-,-,-,-,Clear
BANDARABBASS,16/08/2000,18Z,33.6,69%,999.7 Hpa,180º (S ),7.2,0/8,-,-,-,-,-,-,"Clear, haze"
BANDARABBASS,16/08/2000,15Z,36.0,42%,997.9 Hpa,180º (S ),10.8,3/8,-,1/8 AC,CI,-,38.0,-,"Scattered clouds, haze"
BANDARABBASS,16/08/2000,12Z,37.4,49%,998.1 Hpa,190º (S ),14.4,0/8,-,-,-,-,-,-,"Clear, haze"
BANDARABBASS,16/08/2000,09Z,36.0,60%,-,210º (SW),14.4,1/8,-,-,-,-,-,-,Few clouds
BANDARABBASS,16/08/2000,06Z,34.4,69%,1001.4 Hpa,190º (S ),10.8,2/8,2/8 SC,-,-,-,-,-,"Few clouds, haze"
BANDARABBASS,16/08/2000,03Z,30.8,75%,-,060º (NE),7.2,0/8,-,-,-,-,-,-,Clear
BANDARABBASS,16/08/2000,00Z,32.2,72%,999.4 Hpa,020º (N),7.2,0/8,-,-,-,-,-,-,"Clear, mist"
BIRJAND,16/08/2000,21Z,22.0,25%,-,calm.,,0/8,-,-,-,-,-,-,Clear
BIRJAND,16/08/2000,18Z,24.8,24%,-,calm.,,0/8,-,-,-,-,-,-,Clear
BIRJAND,16/08/2000,15Z,30.2,19%,-,030º (NE),14.4,0/8,-,-,-,-,-,-,Clear
BIRJAND,16/08/2000,12Z,33.4,15%,-,040º (NE),7.2,0/8,-,-,-,-,-,-,Clear
BIRJAND,16/08/2000,09Z,32.6,16%,-,090º (E ),7.2,0/8,-,-,-,-,-,-,Clear
BIRJAND,16/08/2000,06Z,28.4,17%,1002.0 Hpa,090º (E ),18.0,0/8,-,-,-,-,-,-,Clear
BIRJAND,16/08/2000,03Z,17.2,32%,-,calm.,,0/8,-,-,-,-,-,-,Clear
BIRJAND,16/08/2000,00Z,19.4,25%,1002.5 Hpa,060º (NE),18.0,0/8,-,-,-,-,-,-,Clear
BOJNOURD,16/08/2000,18Z,22.2,53%,1010.8 Hpa,270º (W ),28.8,4/8,4/8 SC,-,-,-,-,-,Scattered clouds
BOJNOURD,16/08/2000,12Z,26.4,43%,1007.0 Hpa,290º (W ),28.8,3/8,3/8 SC,-,-,-,-,-,Scattered clouds
BOJNOURD,16/08/2000,06Z,22.4,64%,1008.1 Hpa,270º (W ),25.2,6/8,2/8 SC,AC,-,-,-,-,Cloudy
BOJNOURD,16/08/2000,00Z,19.4,78%,1011.3 Hpa,290º (W ),10.8,3/8,3/8 SC,-,-,-,-,-,Scattered clouds
BUSHEHR,16/08/2000,21Z,34.4,82%,998.1 Hpa,180º (S ),25.2,1/8,-,-,CI,-,-,-,"Few clouds, mist"
BUSHEHR,16/08/2000,18Z,34.6,135%,998.3 Hpa,180º (S ),21.6,1/8,-,-,CI,-,-,-,"Few clouds, haze"
BUSHEHR,16/08/2000,15Z,34.8,75%,996.7 Hpa,180º (S ),39.6,0/8,-,-,-,-,36.2,-,"Clear, dust"
BUSHEHR,16/08/2000,12Z,36.2,72%,997.3 Hpa,190º (S ),54.0,0/8,-,-,-,-,-,-,"Clear, dust"
BUSHEHR,16/08/2000,09Z,36.0,73%,998.7 Hpa,190º (S ),50.4,0/8,-,-,-,-,-,-,"Clear, dust"
BUSHEHR,16/08/2000,03Z,34.2,80%,997.5 Hpa,190º (S ),36.0,0/8,-,-,-,-,-,34.0,"Clear, mist"
BUSHEHR,16/08/2000,00Z,33.6,,1040.1 Hpa,calm.,,0/8,-,-,-,-,-,-,"Clear, mist"
CHAHBAHAR,16/08/2000,18Z,27.6,85%,-,120º (SE),18.0,3/8,-,-,-,-,-,-,Scattered clouds
CHAHBAHAR,16/08/2000,12Z,31.0,68%,-,130º (SE),10.8,5/8,-,-,-,-,-,-,Cloudy
CHAHBAHAR,16/08/2000,00Z,27.0,91%,-,190º (S ),18.0,4/8,-,-,-,-,-,-,Scattered clouds
ESFAHAN,16/08/2000,18Z,27.2,13%,999.0 Hpa,280º (W ),14.4,0/8,-,-,-,-,-,-,Clear
ESFAHAN,16/08/2000,15Z,31.4,15%,-,calm.,,2/8,-,-,-,-,-,-,Few clouds
ESFAHAN,16/08/2000,12Z,35.4,11%,999.5 Hpa,calm.,,2/8,-,-,CC,-,-,-,Few clouds
ESFAHAN,16/08/2000,09Z,33.6,12%,999.9 Hpa,calm.,,1/8,-,-,-,-,-,-,Few clouds
ESFAHAN,16/08/2000,06Z,29.0,15%,1000.8 Hpa,calm.,,2/8,-,-,CI,-,-,-,Few clouds
ESFAHAN,16/08/2000,03Z,16.2,30%,-,calm.,,1/8,-,-,-,-,-,-,Few clouds
ESFAHAN,16/08/2000,00Z,18.6,22%,1000.8 Hpa,calm.,,0/8,-,-,-,-,-,-,Clear
FASA,16/08/2000,21Z,27.0,45%,995.3 Hpa,calm.,,0/8,-,-,-,-,-,-,Clear
FASA,16/08/2000,15Z,35.4,10%,994.8 Hpa,calm.,,1/8,1/8 CB,-,-,-,38.8,-,Few clouds
FASA,16/08/2000,12Z,38.0,9%,994.8 Hpa,calm.,,1/8,1/8 CU,-,-,-,-,-,Few clouds
FASA,16/08/2000,09Z,36.8,11%,996.5 Hpa,250º (W ),10.8,1/8,1/8 CU,-,-,-,-,-,Few clouds
FASA,16/08/2000,06Z,31.2,22%,998.3 Hpa,calm.,,0/8,-,-,-,-,-,-,Clear
FASA,16/08/2000,03Z,19.2,32%,998.3 Hpa,330º (NW),7.2,0/8,-,-,-,-,-,16.0,Clear
FASA,16/08/2000,00Z,21.6,59%,995.9 Hpa,calm.,,0/8,-,-,-,-,-,-,Clear
FERDOUS,16/08/2000,12Z,34.4,17%,1000.0 Hpa,360º (N ),21.6,0/8,-,-,-,-,-,-,Clear
FERDOUS,16/08/2000,06Z,30.2,18%,1002.3 Hpa,020º (N),18.0,0/8,-,-,-,-,-,-,Clear
GACH SARAN DU GUNBADAN,16/08/2000,18Z,33.4,58%,996.1 Hpa,calm.,,1/8,-,0/8 AC,-,-,-,-,"Few clouds, haze"
GACH SARAN DU GUNBADAN,16/08/2000,12Z,42.4,11%,993.7 Hpa,120º (SE),28.8,0/8,-,-,-,-,-,-,Clear
GACH SARAN DU GUNBADAN,16/08/2000,06Z,36.0,14%,996.5 Hpa,060º (NE),14.4,0/8,-,-,-,-,-,-,Clear
GACH SARAN DU GUNBADAN,16/08/2000,00Z,30.2,65%,995.7 Hpa,calm.,,2/8,-,0/8 AC,-,-,-,-,"Few clouds, haze"
GHARAKHIL,16/08/2000,18Z,24.4,71%,1014.2 Hpa,170º (S ),10.8,7/8,3/8 SC,AC,-,-,-,-,Cloudy
GHARAKHIL,16/08/2000,12Z,29.2,65%,1012.2 Hpa,340º (N ),7.2,8/8,4/8 CB,AC,,Tr(6h),-,-,"Overcast, haze"
GHARAKHIL,16/08/2000,06Z,28.4,75%,1013.7 Hpa,270º (W ),14.4,7/8,4/8 CB,AC,-,0.8(6h),-,-,Cloudy
GHARAKHIL,16/08/2000,00Z,24.4,,1014.5 Hpa,290º (W ),7.2,5/8,2/8 ST,AC,-,-,-,-,Cloudy
GHAZVIN,16/08/2000,21Z,20.2,58%,-,calm.,,6/8,-,-,-,-,-,-,Cloudy
GHAZVIN,16/08/2000,18Z,23.6,46%,1003.8 Hpa,340º (N ),14.4,1/8,1/8 SC,-,-,-,-,-,Few clouds
GHAZVIN,16/08/2000,15Z,28.8,35%,-,330º (NW),10.8,4/8,-,-,-,-,-,-,Scattered clouds
GHAZVIN,16/08/2000,12Z,32.2,24%,1001.4 Hpa,calm.,,2/8,1/8 SC,AC,-,-,-,-,Few clouds
GHAZVIN,16/08/2000,09Z,29.6,31%,-,200º (S ),3.6,2/8,-,-,-,-,-,-,Few clouds
GHAZVIN,16/08/2000,06Z,23.4,53%,1005.1 Hpa,180º (S ),7.2,4/8,4/8 CU/SC,-,-,-,-,-,"Scattered clouds, haze"
GHAZVIN,16/08/2000,03Z,18.0,74%,-,calm.,,5/8,-,-,-,-,-,-,Cloudy
GHAZVIN,16/08/2000,00Z,17.8,69%,1004.8 Hpa,calm.,,2/8,-,2/8 AC,-,-,-,-,"Few clouds, haze"
GHUCHAN,16/08/2000,21Z,21.0,49%,-,calm.,,6/8,-,-,-,-,-,-,Cloudy
GHUCHAN,16/08/2000,18Z,23.0,45%,1008.3 Hpa,290º (W ),7.2,6/8,6/8 SC,-,-,-,-,-,Cloudy
GHUCHAN,16/08/2000,15Z,26.8,35%,-,310º (NW),7.2,3/8,-,-,-,-,-,-,Scattered clouds
GHUCHAN,16/08/2000,12Z,29.0,30%,1004.8 Hpa,330º (NW),7.2,3/8,3/8 SC,-,-,-,-,-,Scattered clouds
GHUCHAN,16/08/2000,09Z,28.0,34%,-,330º (NW),7.2,3/8,-,-,-,-,-,-,Scattered clouds
GHUCHAN,16/08/2000,06Z,22.6,61%,1007.8 Hpa,310º (NW),7.2,6/8,6/8 SC,-,-,-,-,-,Cloudy
GHUCHAN,16/08/2000,03Z,18.4,70%,-,calm.,,3/8,-,-,-,-,-,-,Scattered clouds
GHUCHAN,16/08/2000,00Z,17.2,71%,1008.4 Hpa,calm.,,0/8,-,-,-,-,-,-,Clear
GORGAN,16/08/2000,21Z,24.4,71%,-,180º (S ),3.6,4/8,-,-,-,-,-,-,Scattered clouds
GORGAN,16/08/2000,18Z,24.6,79%,1014.4 Hpa,180º (S ),3.6,4/8,1/8 SC,AC,-,-,-,-,Scattered clouds
GORGAN,16/08/2000,15Z,29.0,63%,-,270º (W ),7.2,4/8,-,-,-,-,-,-,Scattered clouds
GORGAN,16/08/2000,12Z,30.8,59%,1012.2 Hpa,270º (W ),14.4,5/8,4/8 CB,AC,-,-,-,-,Cloudy
GORGAN,16/08/2000,09Z,31.4,53%,-,280º (W ),18.0,5/8,-,-,-,-,-,-,Cloudy
GORGAN,16/08/2000,06Z,29.6,63%,1013.1 Hpa,300º (NW),10.8,6/8,3/8 CB,AC,-,-,-,-,Cloudy
GORGAN,16/08/2000,03Z,26.4,75%,-,270º (W ),14.4,4/8,-,-,-,-,-,-,Scattered clouds
GORGAN,16/08/2000,00Z,24.4,67%,1014.5 Hpa,290º (W ),7.2,5/8,2/8 ST,AC,-,-,-,-,Cloudy
HAMEDAN,16/08/2000,21Z,22.0,37%,-,calm.,,0/8,-,-,-,-,-,-,Clear
HAMEDAN,16/08/2000,18Z,27.0,31%,998.9 Hpa,120º (SE),18.0,1/8,1/8 SC,-,-,-,-,-,Few clouds
HAMEDAN,16/08/2000,15Z,31.2,23%,999.3 Hpa,070º (E ),21.6,6/8,6/8 CB,-,-,-,34.0,-,Cloudy
HAMEDAN,16/08/2000,12Z,33.0,27%,998.0 Hpa,calm.,,3/8,3/8 SC,-,-,-,-,-,Scattered clouds
HAMEDAN,16/08/2000,06Z,25.0,31%,1002.0 Hpa,calm.,,3/8,-,3/8 AC,-,-,-,-,Scattered clouds
HAMEDAN,16/08/2000,03Z,16.4,48%,-,calm.,,2/8,-,-,-,-,-,-,Few clouds
HAMEDAN,16/08/2000,00Z,19.0,40%,1001.2 Hpa,calm.,,0/8,-,-,-,-,-,-,Clear
ILAM,16/08/2000,18Z,30.0,12%,998.2 Hpa,calm.,,0/8,-,-,-,-,-,-,Clear
ILAM,16/08/2000,12Z,35.4,3%,997.9 Hpa,290º (W ),28.8,0/8,-,-,-,-,-,-,Clear
ILAM,16/08/2000,06Z,33.0,8%,998.3 Hpa,340º (N ),36.0,0/8,-,-,-,-,-,-,Clear
ILAM,16/08/2000,00Z,26.0,23%,997.4 Hpa,calm.,,0/8,-,-,-,-,-,-,Clear
IRANSHAHR,16/08/2000,18Z,36.4,5%,997.0 Hpa,240º (SW),21.6,1/8,-,1/8 AC,-,-,-,-,Few clouds
IRANSHAHR,16/08/2000,15Z,41.2,9%,994.6 Hpa,260º (W ),21.6,1/8,1/8 SC,-,CI,-,43.8,-,Few clouds
IRANSHAHR,16/08/2000,12Z,40.6,10%,994.2 Hpa,250º (W ),18.0,1/8,1/8 CU,-,CI,-,-,-,Few clouds
IRANSHAHR,16/08/2000,00Z,31.0,49%,997.1 Hpa,calm.,,0/8,-,-,-,-,-,-,"Clear, haze"
JASK,16/08/2000,12Z,31.4,269%,999.1 Hpa,160º (S ),21.6,0/8,-,-,-,-,-,-,"Clear, mist"
JASK,16/08/2000,06Z,31.2,273%,1002.0 Hpa,110º (E ),21.6,5/8,1/8 CU,AC,-,-,-,-,"Cloudy, mist"
KASHAN,16/08/2000,21Z,31.2,11%,-,260º (W ),14.4,6/8,-,-,-,-,-,-,Cloudy
KASHAN,16/08/2000,18Z,31.2,19%,1000.0 Hpa,calm.,,1/8,-,1/8 AC,-,-,-,-,Few clouds
KASHAN,16/08/2000,15Z,37.2,11%,997.6 Hpa,calm.,,1/8,-,1/8 AC,-,-,40.0,-,Few clouds
KASHAN,16/08/2000,12Z,39.6,7%,998.7 Hpa,calm.,,4/8,1/8 SC,AC,-,-,-,-,Scattered clouds
KASHAN,16/08/2000,09Z,34.4,14%,-,calm.,,5/8,-,-,-,-,-,-,Cloudy
KASHAN,16/08/2000,06Z,31.2,17%,1003.4 Hpa,330º (NW),10.8,7/8,3/8 SC,AC,-,-,-,-,Cloudy
KASHAN,16/08/2000,03Z,27.4,19%,-,calm.,,7/8,-,-,-,-,-,-,Cloudy
KASHAN,16/08/2000,00Z,28.6,20%,1001.6 Hpa,calm.,,7/8,-,7/8 AC,-,-,-,-,Cloudy
KASHMAR,16/08/2000,21Z,25.0,27%,-,calm.,,1/8,-,-,-,-,-,-,Few clouds
KASHMAR,16/08/2000,18Z,29.0,22%,1002.7 Hpa,140º (SE),7.2,0/8,-,-,-,-,-,-,Clear
KASHMAR,16/08/2000,15Z,34.0,19%,-,190º (S ),7.2,1/8,-,-,-,-,-,-,Few clouds
KASHMAR,16/08/2000,12Z,35.8,16%,1000.2 Hpa,220º (SW),10.8,1/8,-,-,CI,-,-,-,Few clouds
KASHMAR,16/08/2000,09Z,34.2,18%,-,190º (S ),7.2,0/8,-,-,-,-,-,-,Clear
KASHMAR,16/08/2000,06Z,30.2,20%,1004.2 Hpa,calm.,,0/8,-,-,-,-,-,-,Clear
KASHMAR,16/08/2000,03Z,23.0,23%,-,calm.,,0/8,-,-,-,-,-,-,Clear
KASHMAR,16/08/2000,00Z,22.6,34%,1003.8 Hpa,calm.,,0/8,-,-,-,-,-,-,Clear
KERMAN,16/08/2000,21Z,21.0,16%,999.7 Hpa,360º (N ),10.8,0/8,-,-,-,-,-,-,Clear
KERMAN,16/08/2000,18Z,25.0,14%,999.7 Hpa,360º (N ),10.8,0/8,-,-,-,-,-,-,Clear
KERMAN,16/08/2000,15Z,29.6,12%,-,030º (NE),14.4,0/8,-,-,-,-,-,-,Clear
KERMAN,16/08/2000,12Z,33.0,10%,1000.3 Hpa,020º (N),21.6,0/8,-,-,-,-,-,-,Clear
KERMAN,16/08/2000,09Z,32.0,10%,-,150º (SE),7.2,0/8,-,-,-,-,-,-,Clear
KERMAN,16/08/2000,06Z,29.0,13%,1001.1 Hpa,calm.,,0/8,-,-,-,-,-,-,Clear
KERMAN,16/08/2000,03Z,17.0,20%,-,calm.,,0/8,-,-,-,-,-,-,Clear
KERMAN,16/08/2000,00Z,13.0,22%,1002.6 Hpa,calm.,,0/8,-,-,-,-,-,-,Clear
KERMANSHAH,16/08/2000,21Z,25.4,17%,998.6 Hpa,calm.,,0/8,-,-,-,-,-,-,Clear
KERMANSHAH,16/08/2000,18Z,29.6,15%,998.7 Hpa,290º (W ),10.8,0/8,-,-,-,-,-,-,"Clear, dust"
KERMANSHAH,16/08/2000,15Z,35.0,12%,998.7 Hpa,300º (NW),18.0,0/8,-,-,-,-,38.9,-,"Clear, dust"
KERMANSHAH,16/08/2000,12Z,38.0,9%,997.1 Hpa,180º (S ),18.0,0/8,-,-,-,-,-,-,Clear
KERMANSHAH,16/08/2000,09Z,36.0,16%,998.9 Hpa,calm.,,0/8,-,-,-,-,-,-,Clear
KERMANSHAH,16/08/2000,06Z,29.8,20%,-,calm.,,0/8,-,-,-,-,-,-,Clear
KERMANSHAH,16/08/2000,03Z,19.6,24%,-,calm.,,1/8,-,-,-,-,-,-,Few clouds
KERMANSHAH,16/08/2000,00Z,20.0,19%,999.5 Hpa,calm.,,0/8,-,-,-,-,-,-,Clear
KHOR,16/08/2000,21Z,26.4,35%,-,020º (N),10.8,1/8,-,-,-,-,-,-,Few clouds
KHOR,16/08/2000,18Z,31.0,22%,1002.6 Hpa,030º (NE),14.4,3/8,2/8 SC,AC,-,-,-,-,Scattered clouds
KHOR,16/08/2000,15Z,35.6,11%,-,030º (NE),10.8,1/8,-,-,-,-,-,-,Few clouds
KHOR,16/08/2000,12Z,37.8,7%,1000.7 Hpa,040º (NE),10.8,0/8,-,-,-,-,-,-,Clear
KHOR,16/08/2000,09Z,36.4,7%,-,360º (N ),14.4,0/8,-,-,-,-,-,-,Clear
KHOR,16/08/2000,06Z,31.0,18%,1003.8 Hpa,360º (N ),10.8,0/8,-,-,-,-,-,-,Clear
KHOR,16/08/2000,03Z,23.0,34%,-,calm.,,0/8,-,-,-,-,-,-,Clear
KHOR,16/08/2000,00Z,24.2,42%,1004.6 Hpa,calm.,,3/8,-,3/8 AC,-,-,-,-,Scattered clouds
KHORRAM ABAD,16/08/2000,21Z,24.2,13%,996.1 Hpa,150º (SE),10.8,2/8,-,2/8 AC,-,-,-,-,Few clouds
KHORRAM ABAD,16/08/2000,18Z,30.4,12%,996.5 Hpa,330º (NW),10.8,0/8,-,-,-,-,-,-,Clear
KHORRAM ABAD,16/08/2000,15Z,36.6,8%,995.2 Hpa,290º (W ),14.4,1/8,-,1/8 AC,-,-,39.4,-,Few clouds
KHORRAM ABAD,16/08/2000,12Z,38.8,8%,994.0 Hpa,230º (SW),28.8,3/8,1/8 CU,AC,-,-,-,-,Scattered clouds
KHORRAM ABAD,16/08/2000,09Z,35.6,12%,996.4 Hpa,300º (NW),10.8,5/8,1/8 SC,AC,-,-,-,-,Cloudy
KHORRAM ABAD,16/08/2000,06Z,28.2,22%,998.0 Hpa,290º (W ),10.8,3/8,1/8 SC,AC,-,-,-,-,Scattered clouds
KHORRAM ABAD,16/08/2000,03Z,20.2,32%,998.4 Hpa,calm.,,1/8,-,1/8 AC,-,-,-,20.2,Few clouds
KHORRAM ABAD,16/08/2000,00Z,21.4,15%,996.4 Hpa,130º (SE),10.8,0/8,-,-,-,-,-,-,Clear
KHOY,16/08/2000,21Z,22.0,45%,-,calm.,,3/8,-,-,-,-,-,-,Scattered clouds
KHOY,16/08/2000,18Z,26.8,30%,1004.1 Hpa,030º (NE),18.0,2/8,2/8 SC,-,-,-,-,-,Few clouds
KHOY,16/08/2000,15Z,30.6,28%,-,calm.,,0/8,-,-,-,-,-,-,Clear
KHOY,16/08/2000,12Z,31.2,24%,1003.6 Hpa,360º (N ),14.4,1/8,1/8 CU,-,-,-,-,-,Few clouds
KHOY,16/08/2000,09Z,28.8,27%,-,030º (NE),18.0,1/8,-,-,-,-,-,-,Few clouds
KHOY,16/08/2000,06Z,25.4,36%,1007.2 Hpa,010º (N),21.6,0/8,-,-,-,-,-,-,Clear
KHOY,16/08/2000,03Z,19.8,59%,-,calm.,,0/8,-,-,-,-,-,-,Clear
KHOY,16/08/2000,00Z,19.4,56%,1006.6 Hpa,calm.,,0/8,-,-,-,-,-,-,Clear
KISH ISLAND,16/08/2000,18Z,33.0,70%,999.4 Hpa,360º (N ),7.2,4/8,2/8 SC,AC,-,-,-,-,"Scattered clouds, haze"
KISH ISLAND,16/08/2000,12Z,36.4,56%,998.6 Hpa,170º (S ),18.0,0/8,-,-,-,-,-,-,"Clear, haze"
KISH ISLAND,16/08/2000,06Z,34.8,66%,1001.3 Hpa,110º (E ),21.6,4/8,4/8 SC,-,-,-,-,-,"Scattered clouds, haze"
KISH ISLAND,16/08/2000,00Z,32.0,76%,998.9 Hpa,120º (SE),18.0,4/8,2/8 SC,AC,-,-,-,-,"Scattered clouds, haze"
MAKKO,16/08/2000,21Z,22.8,43%,-,calm.,,0/8,-,-,-,-,-,-,Clear
MAKKO,16/08/2000,18Z,24.0,35%,1005.7 Hpa,120º (SE),21.6,0/8,-,-,-,-,-,-,Clear
MAKKO,16/08/2000,15Z,28.2,23%,-,150º (SE),14.4,1/8,-,-,-,-,-,-,Few clouds
MAKKO,16/08/2000,12Z,28.0,30%,1004.0 Hpa,080º (E ),14.4,0/8,-,-,-,-,-,-,Clear
MAKKO,16/08/2000,09Z,25.8,,-,"9,0º ()",18.0,8/8,-,-,-,-,-,-,Overcast
MAKKO,16/08/2000,06Z,23.6,40%,1006.4 Hpa,calm.,,0/8,-,-,-,-,-,-,Clear
MAKKO,16/08/2000,03Z,19.4,54%,-,calm.,,0/8,-,-,-,-,-,-,Clear
MAKKO,16/08/2000,00Z,19.4,51%,1007.2 Hpa,100º (E ),10.8,3/8,-,-,-,-,-,-,Scattered clouds
MARAGHEH,16/08/2000,21Z,20.2,45%,-,090º (E ),28.8,0/8,-,-,-,-,-,-,Clear
MARAGHEH,16/08/2000,18Z,22.4,45%,1004.5 Hpa,090º (E ),28.8,0/8,-,-,-,-,-,-,Clear
MARAGHEH,16/08/2000,15Z,29.2,21%,-,090º (E ),18.0,1/8,-,-,-,-,-,-,Few clouds
MARAGHEH,16/08/2000,12Z,30.0,20%,1002.0 Hpa,120º (SE),14.4,1/8,1/8 CU,-,-,-,-,-,Few clouds
MARAGHEH,16/08/2000,09Z,27.4,24%,-,100º (E ),32.4,1/8,-,-,-,-,-,-,Few clouds
MARAGHEH,16/08/2000,06Z,23.0,33%,-,090º (E ),21.6,0/8,-,-,-,-,-,-,Clear
MARAGHEH,16/08/2000,03Z,19.6,48%,-,080º (E ),21.6,0/8,-,-,-,-,-,-,Clear
MARAGHEH,16/08/2000,00Z,19.4,45%,1005.5 Hpa,090º (E ),25.2,0/8,-,-,-,-,-,-,Clear
MASHHAD,16/08/2000,21Z,23.4,55%,-,180º (S ),7.2,1/8,-,-,-,-,-,-,Few clouds
MASHHAD,16/08/2000,18Z,26.0,50%,1005.6 Hpa,calm.,,0/8,-,-,-,-,-,-,Clear
MASHHAD,16/08/2000,15Z,29.6,36%,-,120º (SE),39.6,3/8,-,-,-,-,-,-,Scattered clouds
MASHHAD,16/08/2000,12Z,34.0,19%,1003.0 Hpa,160º (S ),21.6,2/8,2/8 SC,-,-,-,-,-,Few clouds
MASHHAD,16/08/2000,09Z,33.4,20%,-,110º (E ),25.2,3/8,-,-,-,-,-,-,Scattered clouds
MASHHAD,16/08/2000,06Z,29.6,34%,1005.9 Hpa,040º (NE),18.0,0/8,-,-,-,-,-,-,Clear
MASHHAD,16/08/2000,03Z,24.4,40%,-,040º (NE),10.8,2/8,-,-,-,-,-,-,Few clouds
MASHHAD,16/08/2000,00Z,23.0,48%,1006.7 Hpa,210º (SW),7.2,5/8,5/8 SC,-,-,-,-,-,Cloudy
MASJED-SOLEYMAN,16/08/2000,18Z,39.0,16%,996.3 Hpa,calm.,,0/8,-,-,-,-,-,-,Clear
MASJED-SOLEYMAN,16/08/2000,12Z,45.0,8%,995.8 Hpa,280º (W ),25.2,0/8,-,-,-,-,-,-,Clear
MASJED-SOLEYMAN,16/08/2000,06Z,38.8,16%,997.8 Hpa,calm.,,5/8,-,0/8 AC,-,-,-,-,"Cloudy, haze"
MASJED-SOLEYMAN,16/08/2000,00Z,33.2,30%,997.4 Hpa,130º (SE),18.0,1/8,-,0/8 AC,-,-,-,-,Few clouds
MOHABAD,16/08/2000,18Z,24.0,38%,1008.0 Hpa,calm.,,0/8,-,-,-,-,-,-,Clear
MOHABAD,16/08/2000,12Z,30.0,23%,1007.4 Hpa,calm.,,0/8,-,-,-,-,-,-,Clear
MOHABAD,16/08/2000,06Z,24.0,7%,1009.6 Hpa,calm.,,0/8,-,-,-,-,-,-,Clear
MOHABAD,16/08/2000,00Z,20.0,51%,1008.7 Hpa,calm.,,0/8,-,-,-,-,-,-,Clear
NEHBANDAN,16/08/2000,15Z,34.4,11%,999.6 Hpa,030º (NE),14.4,0/8,-,-,-,-,37.2,-,Clear
NEHBANDAN,16/08/2000,12Z,36.6,11%,999.4 Hpa,360º (N ),10.8,0/8,-,-,-,-,-,-,Clear
NEHBANDAN,16/08/2000,09Z,35.6,12%,-,030º (NE),10.8,0/8,-,-,-,-,-,-,Clear
NEHBANDAN,16/08/2000,06Z,30.6,13%,1003.6 Hpa,020º (N),28.8,0/8,-,-,-,-,-,-,Clear
NEHBANDAN,16/08/2000,03Z,27.4,17%,-,360º (N ),21.6,0/8,-,-,-,-,-,-,Clear
NOSHAHR,16/08/2000,18Z,23.6,79%,1014.4 Hpa,calm.,,8/8,-,-,-,-,-,-,Overcast
NOSHAHR,16/08/2000,12Z,26.6,84%,1013.0 Hpa,180º (S ),7.2,8/8,3/8 CB,AC,,-,-,-,Overcast
NOSHAHR,16/08/2000,06Z,24.4,90%,1013.7 Hpa,250º (W ),10.8,7/8,4/8 CB,AC,-,2.0(6h),-,-,"Cloudy, rain showers"
OMIDYEH-AGHAJARI,16/08/2000,18Z,35.6,35%,999.1 Hpa,190º (S ),10.8,0/8,-,-,-,-,-,-,Clear
OMIDYEH-AGHAJARI,16/08/2000,12Z,46.0,23%,-,270º (W ),21.6,0/8,-,-,-,-,-,-,Clear
OMIDYEH-AGHAJARI,16/08/2000,06Z,38.6,40%,999.5 Hpa,130º (SE),32.4,0/8,-,-,-,-,-,-,Clear
OMIDYEH-AGHAJARI,16/08/2000,00Z,31.6,66%,1000.2 Hpa,calm.,,2/8,-,-,-,-,-,-,Few clouds
ORUMIEH,16/08/2000,21Z,20.6,51%,-,calm.,,0/8,-,-,-,-,-,-,Clear
ORUMIEH,16/08/2000,18Z,22.4,53%,1004.3 Hpa,000º (N),-,0/8,-,-,-,-,-,-,Clear
ORUMIEH,16/08/2000,15Z,28.6,27%,-,350º (N ),7.2,0/8,-,-,-,-,-,-,Clear
ORUMIEH,16/08/2000,12Z,29.2,26%,1002.6 Hpa,030º (NE),7.2,0/8,-,-,-,-,-,-,Clear
ORUMIEH,16/08/2000,09Z,26.8,31%,-,360º (N ),10.8,0/8,-,-,-,-,-,-,Clear
ORUMIEH,16/08/2000,06Z,24.2,37%,1005.1 Hpa,360º (N ),7.2,0/8,-,-,-,-,-,-,Clear
ORUMIEH,16/08/2000,03Z,21.0,45%,-,330º (NW),14.4,0/8,-,-,-,-,-,-,Clear
ORUMIEH,16/08/2000,00Z,19.2,57%,1005.5 Hpa,calm.,,0/8,-,-,-,-,-,-,Clear
PARS ABAD MOGHAN,16/08/2000,18Z,25.6,63%,1009.1 Hpa,100º (E ),18.0,0/8,-,-,-,-,-,-,Clear
PARS ABAD MOGHAN,16/08/2000,12Z,32.6,36%,1007.1 Hpa,120º (SE),21.6,2/8,-,2/8 AC,-,-,-,-,Few clouds
PARS ABAD MOGHAN,16/08/2000,06Z,28.4,50%,-,calm.,,2/8,-,-,-,-,-,-,Few clouds
PARS ABAD MOGHAN,16/08/2000,00Z,22.0,36%,1009.9 Hpa,calm.,,0/8,-,-,-,-,-,-,Clear
RAMSAR,16/08/2000,21Z,24.4,79%,-,calm.,,7/8,-,-,-,-,-,-,Cloudy
RAMSAR,16/08/2000,18Z,24.6,78%,1013.6 Hpa,calm.,,7/8,3/8 SC,AC,-,2.0(6h),-,-,Cloudy
RAMSAR,16/08/2000,15Z,25.2,80%,-,240º (SW),7.2,8/8,-,-,-,-,-,-,Overcast
RAMSAR,16/08/2000,12Z,26.4,81%,1012.4 Hpa,150º (SE),18.0,8/8,5/8 CB,AC,,-,-,-,Overcast
RAMSAR,16/08/2000,09Z,28.6,74%,-,340º (N ),14.4,7/8,-,-,-,-,-,-,Cloudy
RAMSAR,16/08/2000,06Z,28.8,67%,1013.2 Hpa,330º (NW),10.8,7/8,2/8 CB,AC,-,-,-,-,Cloudy
RAMSAR,16/08/2000,03Z,25.8,69%,-,240º (SW),7.2,7/8,-,-,-,-,-,-,Cloudy
RAMSAR,16/08/2000,00Z,24.0,79%,1013.4 Hpa,250º (W ),10.8,7/8,3/8 SC,AC,-,-,-,-,Cloudy
RASHT,16/08/2000,21Z,23.2,89%,-,calm.,,7/8,-,-,-,-,-,-,Cloudy
RASHT,16/08/2000,18Z,23.4,83%,1016.0 Hpa,calm.,,3/8,-,3/8 AC,-,-,-,-,Scattered clouds
RASHT,16/08/2000,15Z,26.8,72%,-,calm.,,7/8,-,-,-,-,-,-,Cloudy
RASHT,16/08/2000,12Z,28.6,65%,1014.3 Hpa,100º (E ),10.8,6/8,5/8 CB,AC,-,-,-,-,Cloudy
RASHT,16/08/2000,09Z,29.4,58%,-,040º (NE),14.4,7/8,-,-,-,-,-,-,Cloudy
RASHT,16/08/2000,06Z,27.4,66%,1015.2 Hpa,calm.,,4/8,2/8 CU,AC,-,0.2(24h),-,-,Scattered clouds
RASHT,16/08/2000,03Z,26.0,75%,-,calm.,,8/8,-,-,-,-,-,-,Overcast
RASHT,16/08/2000,00Z,22.2,91%,1016.1 Hpa,130º (SE),21.6,7/8,3/8 SC,AC,-,-,-,-,Cloudy
SABZEVAR,16/08/2000,21Z,26.6,37%,-,calm.,,2/8,-,-,-,-,-,-,Few clouds
SABZEVAR,16/08/2000,18Z,27.8,32%,1006.5 Hpa,340º (N ),32.4,2/8,2/8 SC,-,-,-,-,-,Few clouds
SABZEVAR,16/08/2000,15Z,31.4,26%,-,330º (NW),32.4,2/8,-,-,-,-,-,-,Few clouds
SABZEVAR,16/08/2000,12Z,34.6,22%,1004.0 Hpa,040º (NE),14.4,0/8,-,-,-,-,-,-,Clear
SABZEVAR,16/08/2000,09Z,33.0,21%,-,030º (NE),10.8,3/8,-,-,-,-,-,-,Scattered clouds
SABZEVAR,16/08/2000,06Z,31.0,28%,1007.3 Hpa,calm.,,2/8,2/8 SC,-,-,-,-,-,Few clouds
SABZEVAR,16/08/2000,03Z,25.0,23%,-,calm.,,1/8,-,-,-,-,-,-,Few clouds
SABZEVAR,16/08/2000,00Z,25.6,40%,1006.8 Hpa,calm.,,0/8,-,-,-,-,-,-,Clear
SAFI-ABAD DEZFUL,16/08/2000,18Z,37.4,17%,996.5 Hpa,calm.,,2/8,-,0/8 AC,-,-,-,-,Few clouds
SAFI-ABAD DEZFUL,16/08/2000,12Z,46.6,10%,996.2 Hpa,calm.,,0/8,-,-,-,-,-,-,Clear
SAFI-ABAD DEZFUL,16/08/2000,06Z,36.6,36%,998.5 Hpa,calm.,,2/8,-,0/8 AC,-,-,-,-,Few clouds
SAGHEZ,16/08/2000,18Z,25.8,45%,1001.2 Hpa,calm.,,2/8,2/8 CU,-,-,-,-,-,Few clouds
SAGHEZ,16/08/2000,12Z,31.4,18%,1003.4 Hpa,270º (W ),18.0,1/8,1/8 CU,-,-,-,-,-,Few clouds
SAGHEZ,16/08/2000,06Z,24.0,24%,1004.5 Hpa,330º (NW),25.2,0/8,-,-,-,-,-,-,"Clear, dust"
SAGHEZ,16/08/2000,00Z,17.4,26%,1001.9 Hpa,calm.,,0/8,-,-,-,-,-,-,Clear
SANANDAJ,16/08/2000,21Z,26.2,32%,999.8 Hpa,360º (N ),14.4,0/8,-,-,-,-,-,-,Clear
SANANDAJ,16/08/2000,18Z,29.6,24%,998.7 Hpa,360º (N ),14.4,0/8,-,-,-,-,-,-,Clear
SANANDAJ,16/08/2000,15Z,35.8,14%,996.5 Hpa,calm.,,2/8,2/8 CU/SC,AC,-,-,37.2,-,Few clouds
SANANDAJ,16/08/2000,12Z,36.4,13%,997.1 Hpa,210º (SW),7.2,1/8,1/8 CU,-,-,-,-,-,Few clouds
SANANDAJ,16/08/2000,09Z,32.0,18%,999.7 Hpa,360º (N ),10.8,0/8,-,-,-,-,-,-,Clear
SANANDAJ,16/08/2000,06Z,27.4,24%,1000.4 Hpa,360º (N ),7.2,0/8,-,-,-,-,-,-,"Clear, dust"
SANANDAJ,16/08/2000,03Z,16.0,42%,-,calm.,,0/8,-,-,-,-,-,-,Clear
SANANDAJ,16/08/2000,00Z,24.0,36%,999.2 Hpa,040º (NE),7.2,0/8,-,-,-,-,-,-,Clear
SARAB,16/08/2000,21Z,13.0,73%,-,080º (E ),14.4,0/8,-,-,-,-,-,-,Clear
SARAB,16/08/2000,18Z,14.8,72%,1011.5 Hpa,070º (E ),25.2,0/8,-,-,-,-,-,-,Clear
SARAB,16/08/2000,15Z,19.4,53%,-,050º (NE),25.2,0/8,-,-,-,-,-,-,Clear
SARAB,16/08/2000,12Z,24.0,29%,1008.9 Hpa,070º (E ),25.2,1/8,1/8 CU,-,-,-,-,-,Few clouds
SARAB,16/08/2000,09Z,23.0,33%,-,070º (E ),25.2,0/8,-,-,-,-,-,-,Clear
SARAB,16/08/2000,06Z,19.8,41%,1011.6 Hpa,070º (E ),21.6,0/8,-,-,-,-,-,-,Clear
SARAB,16/08/2000,03Z,13.4,54%,-,070º (E ),18.0,0/8,-,-,-,-,-,-,Clear
SARAB,16/08/2000,00Z,11.2,84%,1011.7 Hpa,calm.,,0/8,-,-,-,-,-,-,Clear
SARAKHS,16/08/2000,18Z,30.0,35%,1003.7 Hpa,320º (NW),14.4,0/8,-,-,-,-,-,-,"Clear, dust"
SARAKHS,16/08/2000,12Z,36.2,22%,1001.2 Hpa,310º (NW),39.6,2/8,-,-,CI,-,-,-,"Few clouds, dust"
SARAKHS,16/08/2000,06Z,33.8,14%,1003.7 Hpa,310º (NW),7.2,0/8,-,-,-,-,-,-,Clear
SARAKHS,16/08/2000,00Z,25.8,34%,1006.1 Hpa,300º (NW),10.8,1/8,-,-,CI,-,-,-,Few clouds
SARAVAN,16/08/2000,18Z,30.0,48%,998.5 Hpa,140º (SE),14.4,0/8,-,-,-,-,-,-,Clear
SARAVAN,16/08/2000,15Z,36.2,6%,998.6 Hpa,180º (S ),18.0,2/8,2/8 SC,-,-,-,39.6,-,Few clouds
SARAVAN,16/08/2000,12Z,38.6,4%,996.3 Hpa,040º (NE),21.6,2/8,2/8 CU,-,-,-,-,-,Few clouds
SARAVAN,16/08/2000,00Z,23.2,68%,998.5 Hpa,330º (NW),7.2,0/8,-,-,-,-,-,-,Clear
SEMNAN,16/08/2000,21Z,27.0,40%,-,360º (N ),18.0,4/8,-,-,-,-,-,-,Scattered clouds
SEMNAN,16/08/2000,18Z,28.8,36%,1001.4 Hpa,calm.,,0/8,-,-,-,-,-,-,Clear
SEMNAN,16/08/2000,15Z,32.0,31%,-,060º (NE),18.0,0/8,-,-,-,-,-,-,Clear
SEMNAN,16/08/2000,12Z,35.4,18%,1000.2 Hpa,040º (NE),7.2,2/8,-,-,CI,-,-,-,Few clouds
SEMNAN,16/08/2000,06Z,30.6,22%,1003.0 Hpa,calm.,,2/8,2/8 SC,AC,-,-,-,-,Few clouds
SEMNAN,16/08/2000,03Z,32.4,,-,040º (NE),57.6,1/8,-,-,-,-,-,-,Few clouds
SEMNAN,16/08/2000,00Z,25.8,40%,1002.9 Hpa,060º (NE),10.8,4/8,2/8 SC,AC,-,-,-,-,Scattered clouds
SHAHRE-KORD,16/08/2000,06Z,24.2,15%,1002.2 Hpa,calm.,,0/8,-,-,-,-,-,-,Clear
SHAHRUD,16/08/2000,21Z,22.2,41%,-,calm.,,3/8,-,-,-,-,-,-,Scattered clouds
SHAHRUD,16/08/2000,18Z,23.4,34%,1005.6 Hpa,calm.,,2/8,2/8 SC,-,-,-,-,-,Few clouds
SHAHRUD,16/08/2000,15Z,25.0,44%,-,070º (E ),10.8,1/8,-,-,-,-,-,-,Few clouds
SHAHRUD,16/08/2000,06Z,27.6,35%,1005.7 Hpa,calm.,,2/8,2/8 SC,-,-,-,-,-,Few clouds
SHAHRUD,16/08/2000,03Z,21.8,57%,-,calm.,,4/8,-,-,-,-,-,-,Scattered clouds
SHAHRUD,16/08/2000,00Z,20.6,46%,1006.8 Hpa,080º (E ),7.2,3/8,3/8 SC,-,-,-,-,-,Scattered clouds
SHIRAZ,16/08/2000,21Z,26.4,47%,996.6 Hpa,calm.,,0/8,-,-,-,-,-,-,"Clear, dust"
SHIRAZ,16/08/2000,15Z,34.6,11%,996.3 Hpa,140º (SE),10.8,1/8,1/8 SC,-,CI,-,37.0,-,Few clouds
SHIRAZ,16/08/2000,12Z,36.0,8%,996.2 Hpa,240º (SW),10.8,1/8,1/8 CU,-,-,-,-,-,Few clouds
SHIRAZ,16/08/2000,09Z,34.8,11%,997.9 Hpa,130º (SE),14.4,1/8,1/8 CU,-,-,-,-,-,Few clouds
SHIRAZ,16/08/2000,06Z,29.2,26%,999.3 Hpa,calm.,,0/8,-,-,-,-,-,-,Clear
SHIRAZ,16/08/2000,03Z,22.0,35%,999.0 Hpa,calm.,,0/8,-,-,-,-,-,21.8,Clear
SHIRAZ,16/08/2000,00Z,24.4,56%,996.8 Hpa,280º (W ),10.8,0/8,-,-,-,-,-,-,"Clear, haze"
SIRI ISLAND,16/08/2000,15Z,35.0,58%,997.6 Hpa,050º (NE),18.0,1/8,-,1/8 AC,-,-,36.8,-,"Few clouds, haze"
SIRI ISLAND,16/08/2000,12Z,35.8,125%,998.6 Hpa,060º (NE),21.6,0/8,-,-,-,-,-,-,"Clear, haze"
SIRI ISLAND,16/08/2000,09Z,35.6,58%,-,090º (E ),21.6,0/8,-,-,-,-,-,-,Clear
SIRI ISLAND,16/08/2000,06Z,35.2,60%,-,calm.,,0/8,-,-,-,-,-,-,Clear
SIRI ISLAND,16/08/2000,03Z,32.4,83%,-,calm.,,7/8,-,-,-,-,-,-,Cloudy
SIRJAN,16/08/2000,21Z,24.8,21%,997.2 Hpa,100º (E ),18.0,0/8,-,-,-,-,-,-,Clear
SIRJAN,16/08/2000,18Z,24.8,14%,994.9 Hpa,calm.,,0/8,-,-,-,-,-,-,Clear
SIRJAN,16/08/2000,15Z,32.6,13%,996.7 Hpa,330º (NW),14.4,1/8,1/8 SC,-,-,-,35.0,-,Few clouds
SIRJAN,16/08/2000,12Z,34.0,11%,996.2 Hpa,calm.,,1/8,1/8 SC,-,-,-,-,-,Few clouds
SIRJAN,16/08/2000,09Z,32.0,15%,997.5 Hpa,130º (SE),14.4,1/8,-,-,-,-,-,-,Few clouds
SIRJAN,16/08/2000,06Z,28.4,27%,1000.0 Hpa,calm.,,0/8,-,-,-,-,-,-,Clear
SIRJAN,16/08/2000,03Z,18.4,26%,999.4 Hpa,calm.,,0/8,-,-,-,-,-,15.4,Clear
SIRJAN,16/08/2000,00Z,21.4,25%,996.9 Hpa,calm.,,0/8,-,-,-,-,-,-,Clear
TABAS,16/08/2000,18Z,34.0,16%,1000.5 Hpa,calm.,,1/8,-,1/8 AC,-,-,-,-,Few clouds
TABAS,16/08/2000,12Z,40.0,14%,999.4 Hpa,030º (NE),21.6,0/8,-,-,-,-,-,-,Clear
TABAS,16/08/2000,06Z,33.0,14%,1003.6 Hpa,calm.,,0/8,-,-,-,-,-,-,Clear
TABAS,16/08/2000,00Z,30.0,18%,1000.5 Hpa,070º (E ),10.8,0/8,-,-,-,-,-,-,Clear
TABRIZ,16/08/2000,21Z,20.4,51%,-,080º (E ),36.0,0/8,-,-,-,-,-,-,Clear
TABRIZ,16/08/2000,18Z,24.2,36%,1009.0 Hpa,070º (E ),18.0,0/8,-,-,-,-,-,-,Clear
TABRIZ,16/08/2000,15Z,28.4,23%,-,060º (NE),32.4,2/8,-,-,-,-,-,-,Few clouds
TABRIZ,16/08/2000,12Z,30.4,20%,1004.5 Hpa,060º (NE),25.2,1/8,1/8 CU,-,-,-,-,-,Few clouds
TABRIZ,16/08/2000,09Z,27.6,27%,-,090º (E ),32.4,1/8,-,-,-,-,-,-,Few clouds
TABRIZ,16/08/2000,06Z,22.4,38%,1008.0 Hpa,090º (E ),25.2,0/8,-,-,-,-,-,-,Clear
TABRIZ,16/08/2000,03Z,19.4,45%,-,100º (E ),18.0,0/8,-,-,-,-,-,-,Clear
TABRIZ,16/08/2000,00Z,19.6,52%,1007.9 Hpa,090º (E ),21.6,0/8,-,-,-,-,-,-,Clear
TEHRAN-MEHRABAD,16/08/2000,21Z,25.0,58%,-,300º (NW),18.0,5/8,-,-,-,-,-,-,Cloudy
TEHRAN-MEHRABAD,16/08/2000,18Z,30.0,55%,1001.9 Hpa,250º (W ),14.4,3/8,1/8 SC,AC,-,-,-,-,"Scattered clouds, haze"
TEHRAN-MEHRABAD,16/08/2000,15Z,33.8,45%,-,calm.,,3/8,-,-,-,-,-,-,Scattered clouds
TEHRAN-MEHRABAD,16/08/2000,12Z,34.6,46%,1000.6 Hpa,180º (S ),14.4,4/8,1/8 SC,AC,CI,-,-,-,Scattered clouds
TEHRAN-MEHRABAD,16/08/2000,09Z,32.4,53%,999.1 Hpa,210º (SW),18.0,4/8,2/8 SC,AC,-,-,-,-,"Scattered clouds, haze"
TEHRAN-MEHRABAD,16/08/2000,06Z,29.6,53%,1002.9 Hpa,calm.,,4/8,1/8 SC,AC,-,-,-,-,"Scattered clouds, haze"
TEHRAN-MEHRABAD,16/08/2000,03Z,23.0,67%,-,270º (W ),10.8,6/8,-,-,-,-,-,-,Cloudy
TEHRAN-MEHRABAD,16/08/2000,00Z,24.0,60%,1003.6 Hpa,270º (W ),14.4,4/8,1/8 SC,AC,-,-,-,-,Scattered clouds
TORBAT-HEYDARIEH,16/08/2000,21Z,23.0,43%,-,calm.,,0/8,-,-,-,-,-,-,Clear
TORBAT-HEYDARIEH,16/08/2000,18Z,25.2,39%,1003.2 Hpa,calm.,,0/8,-,-,-,-,-,-,Clear
TORBAT-HEYDARIEH,16/08/2000,15Z,29.0,27%,-,070º (E ),10.8,1/8,-,-,-,-,-,-,Few clouds
TORBAT-HEYDARIEH,16/08/2000,12Z,32.0,26%,1001.2 Hpa,360º (N ),18.0,1/8,1/8 SC,-,-,-,-,-,Few clouds
TORBAT-HEYDARIEH,16/08/2000,09Z,30.8,27%,-,060º (NE),10.8,1/8,-,-,-,-,-,-,Few clouds
TORBAT-HEYDARIEH,16/08/2000,06Z,27.2,29%,1004.0 Hpa,040º (NE),28.8,0/8,-,-,-,-,-,-,Clear
TORBAT-HEYDARIEH,16/08/2000,03Z,22.4,32%,-,calm.,,0/8,-,-,-,-,-,-,Clear
TORBAT-HEYDARIEH,16/08/2000,00Z,21.8,,1003.5 Hpa,030º (NE),10.8,2/8,-,-,CI,-,-,-,Few clouds
YASOGE,16/08/2000,21Z,25.0,52%,997.9 Hpa,calm.,,0/8,-,-,-,-,-,-,"Clear, haze"
YASOGE,16/08/2000,18Z,27.6,58%,998.7 Hpa,calm.,,0/8,-,-,-,-,-,-,"Clear, haze"
YASOGE,16/08/2000,15Z,30.6,9%,-,calm.,,0/8,-,-,-,-,-,-,Clear
YASOGE,16/08/2000,12Z,35.4,2%,997.4 Hpa,210º (SW),10.8,0/8,-,-,-,-,-,-,Clear
YASOGE,16/08/2000,09Z,33.4,5%,999.2 Hpa,calm.,,0/8,-,-,-,-,-,-,Clear
YASOGE,16/08/2000,06Z,26.8,18%,1001.4 Hpa,calm.,,0/8,-,-,-,-,-,-,Clear
YASOGE,16/08/2000,03Z,18.4,37%,-,calm.,,0/8,-,-,-,-,-,-,Clear
YASOGE,16/08/2000,00Z,22.0,44%,998.7 Hpa,calm.,,0/8,-,-,-,-,-,-,"Clear, haze"
YAZD,16/08/2000,21Z,28.8,9%,999.9 Hpa,150º (SE),14.4,0/8,-,-,-,-,-,-,Clear
YAZD,16/08/2000,15Z,36.4,5%,999.4 Hpa,300º (NW),14.4,0/8,-,-,-,-,38.0,-,Clear
YAZD,16/08/2000,12Z,37.8,4%,999.6 Hpa,270º (W ),7.2,0/8,-,-,-,-,-,-,Clear
YAZD,16/08/2000,09Z,37.0,6%,-,330º (NW),7.2,0/8,-,-,-,-,-,-,Clear
YAZD,16/08/2000,06Z,32.8,9%,1002.1 Hpa,180º (S ),7.2,0/8,-,-,-,-,-,-,Clear
ZABOL,16/08/2000,18Z,34.6,15%,998.4 Hpa,320º (NW),39.6,0/8,-,-,-,-,-,-,"Clear, dust"
ZABOL,16/08/2000,12Z,41.2,11%,996.4 Hpa,310º (NW),39.6,0/8,-,-,-,-,-,-,Clear
ZABOL,16/08/2000,00Z,29.8,29%,997.9 Hpa,330º (NW),50.4,0/8,-,-,-,-,-,-,"Clear, dust"
ZAHEDAN,16/08/2000,18Z,30.0,17%,998.5 Hpa,030º (NE),18.0,0/8,-,-,-,-,-,-,Clear
ZAHEDAN,16/08/2000,15Z,33.2,12%,998.4 Hpa,330º (NW),14.4,0/8,-,-,-,-,37.0,-,Clear
ZAHEDAN,16/08/2000,12Z,36.0,11%,994.6 Hpa,350º (N ),28.8,0/8,-,-,-,-,-,-,Clear
ZAHEDAN,16/08/2000,00Z,19.2,27%,999.5 Hpa,calm.,,0/8,-,-,-,-,-,-,Clear
ZANJAN,16/08/2000,21Z,18.2,58%,-,200º (S ),3.6,1/8,-,-,-,-,-,-,Few clouds
ZANJAN,16/08/2000,18Z,19.4,53%,1007.7 Hpa,060º (NE),21.6,1/8,1/8 CU,-,-,-,-,-,Few clouds
ZANJAN,16/08/2000,15Z,22.8,43%,-,060º (NE),25.2,1/8,-,-,-,-,-,-,Few clouds
ZANJAN,16/08/2000,12Z,25.4,33%,1005.6 Hpa,060º (NE),18.0,1/8,1/8 CU,-,-,-,-,-,Few clouds
ZANJAN,16/08/2000,09Z,24.6,34%,-,030º (NE),7.2,1/8,-,-,-,-,-,-,Few clouds
ZANJAN,16/08/2000,06Z,21.4,43%,1006.6 Hpa,060º (NE),28.8,1/8,1/8 CU,-,-,-,-,-,Few clouds
ZANJAN,16/08/2000,03Z,18.0,92%,1004.9 Hpa,060º (NE),3.6,1/8,1/8 CU,-,-,-,-,-,Few clouds
ZANJAN,16/08/2000,00Z,15.2,69%,1007.6 Hpa,120º (SE),7.2,0/8,-,-,-,-,-,-,Clear
