Station ∆,Date,UTC time,Temp. (ºC),Rel. Hum. (%),Pressure/ Geopot.,Wind dir,Wins speed (Km/h),Clouds,Low clouds,Medium clouds,High clouds,Prec. (mm),Max temp. (ºC),Min temp. (ºC),Conditions
ABADAN,04/08/2001,21Z,33.8,33%,999.7 Hpa,150º (SE),18.0,0/8,-,-,-,-,-,-,Clear
ABADAN,04/08/2001,18Z,36.4,19%,998.7 Hpa,calm.,,0/8,-,-,-,-,-,-,Clear
ABADAN,04/08/2001,15Z,45.8,12%,997.9 Hpa,210º (SW),7.2,0/8,-,-,-,-,50.0,-,Clear
ABADAN,04/08/2001,12Z,49.4,8%,998.3 Hpa,160º (S ),25.2,0/8,-,-,-,-,-,-,Clear
ABADAN,04/08/2001,09Z,48.0,9%,999.3 Hpa,150º (SE),18.0,0/8,-,-,-,-,-,-,Clear
ABADAN,04/08/2001,06Z,37.2,20%,999.3 Hpa,calm.,,1/8,-,0/8 AC,-,-,-,-,Few clouds
ABADAN,04/08/2001,03Z,30.0,27%,998.2 Hpa,270º (W ),10.8,4/8,1/8 SC,AC,-,-,-,30.0,Scattered clouds
ABADAN,04/08/2001,00Z,32.6,86%,1000.7 Hpa,130º (SE),18.0,4/8,1/8 SC,AC,-,-,-,-,"Scattered clouds, mist"
ABADEH,04/08/2001,21Z,23.8,20%,-,calm.,,0/8,-,-,-,-,-,-,Clear
ABADEH,04/08/2001,18Z,28.4,10%,1001.4 Hpa,060º (NE),28.8,0/8,-,-,-,-,-,-,Clear
ABADEH,04/08/2001,12Z,33.0,7%,1001.1 Hpa,080º (E ),25.2,0/8,-,-,-,-,-,-,Clear
ABADEH,04/08/2001,09Z,31.2,8%,-,090º (E ),21.6,0/8,-,-,-,-,-,-,Clear
ABADEH,04/08/2001,06Z,27.6,15%,1001.8 Hpa,calm.,,0/8,-,-,-,-,-,-,Clear
ABADEH,04/08/2001,03Z,17.4,26%,-,calm.,,0/8,-,-,-,-,-,-,Clear
ABADEH,04/08/2001,00Z,17.6,25%,1004.4 Hpa,330º (NW),7.2,0/8,-,-,-,-,-,-,Clear
ABU MUSA,04/08/2001,12Z,36.6,201%,999.0 Hpa,060º (NE),18.0,0/8,-,-,-,-,-,-,"Clear, haze"
ABU MUSA,04/08/2001,06Z,35.4,215%,999.8 Hpa,120º (SE),25.2,0/8,-,-,-,-,-,-,"Clear, haze"
AHAR,04/08/2001,21Z,21.4,56%,-,090º (E ),21.6,7/8,-,-,-,-,-,-,Cloudy
AHAR,04/08/2001,18Z,23.4,49%,1012.3 Hpa,040º (NE),7.2,6/8,6/8 CB,-,-,-,-,-,Cloudy
AHAR,04/08/2001,15Z,25.4,44%,-,030º (NE),28.8,2/8,-,-,-,-,-,-,Few clouds
AHAR,04/08/2001,12Z,25.6,48%,1010.8 Hpa,080º (E ),25.2,3/8,1/8 CU,AC,-,-,-,-,Scattered clouds
AHAR,04/08/2001,09Z,24.0,47%,-,090º (E ),18.0,5/8,-,-,-,-,-,-,Cloudy
AHAR,04/08/2001,06Z,21.8,38%,1011.9 Hpa,060º (NE),18.0,7/8,7/8 SC,-,-,-,-,-,Cloudy
AHAR,04/08/2001,03Z,19.0,33%,-,calm.,,7/8,-,-,-,-,-,-,Cloudy
AHAR,04/08/2001,00Z,19.4,71%,1013.3 Hpa,090º (E ),10.8,6/8,5/8 CB,AC,-,-,-,-,Cloudy
AHWAZ,04/08/2001,21Z,38.2,18%,-,130º (SE),14.4,0/8,-,-,-,-,-,-,Clear
AHWAZ,04/08/2001,18Z,43.0,16%,997.9 Hpa,240º (SW),7.2,0/8,-,-,-,-,-,-,Clear
AHWAZ,04/08/2001,12Z,51.0,7%,997.6 Hpa,230º (SW),10.8,0/8,-,-,-,-,-,-,"Clear, haze"
AHWAZ,04/08/2001,09Z,48.6,12%,998.8 Hpa,180º (S ),14.4,0/8,-,-,-,-,-,-,Clear
AHWAZ,04/08/2001,06Z,41.4,15%,998.8 Hpa,100º (E ),7.2,0/8,-,-,-,-,-,-,"Clear, haze"
AHWAZ,04/08/2001,03Z,31.8,34%,997.3 Hpa,calm.,,0/8,-,-,-,-,-,30.4,"Clear, haze"
AHWAZ,04/08/2001,00Z,33.8,85%,1000.9 Hpa,150º (SE),10.8,0/8,-,-,-,-,-,-,"Clear, mist"
ALI-GOODARZ,04/08/2001,18Z,26.4,20%,1002.6 Hpa,160º (S ),21.6,0/8,-,-,-,-,-,-,Clear
ALI-GOODARZ,04/08/2001,15Z,32.4,15%,-,150º (SE),21.6,0/8,-,-,-,-,-,-,Clear
ALI-GOODARZ,04/08/2001,12Z,34.0,13%,1003.5 Hpa,180º (S ),25.2,0/8,-,-,-,-,-,-,Clear
ALI-GOODARZ,04/08/2001,09Z,33.2,14%,-,120º (SE),32.4,0/8,-,-,-,-,-,-,Clear
ALI-GOODARZ,04/08/2001,06Z,30.0,16%,1002.6 Hpa,110º (E ),25.2,0/8,-,-,-,-,-,-,Clear
ALI-GOODARZ,04/08/2001,03Z,20.8,24%,-,140º (SE),14.4,0/8,-,-,-,-,-,-,Clear
ALI-GOODARZ,04/08/2001,00Z,24.4,23%,1002.7 Hpa,120º (SE),43.2,0/8,-,-,-,-,-,-,Clear
ANZALI,04/08/2001,21Z,27.0,84%,-,350º (N ),7.2,5/8,-,-,-,-,-,-,Cloudy
ANZALI,04/08/2001,18Z,27.6,78%,1017.8 Hpa,010º (N),18.0,6/8,4/8 CB,AC,-,-,-,-,Cloudy
ANZALI,04/08/2001,15Z,27.6,61%,-,360º (N ),25.2,8/8,-,-,-,-,-,-,Overcast
ANZALI,04/08/2001,12Z,27.0,84%,1016.3 Hpa,330º (NW),32.4,8/8,5/8 CB,AC,,1.0(6h),-,-,"Overcast, rain showers"
ANZALI,04/08/2001,09Z,26.6,89%,-,310º (NW),39.6,8/8,-,-,-,-,-,-,Overcast
ANZALI,04/08/2001,03Z,25.6,81%,-,calm.,,6/8,-,-,-,-,-,-,Cloudy
ANZALI,04/08/2001,00Z,27.0,76%,1017.8 Hpa,010º (N),21.6,6/8,4/8 SC,AC,-,1.0(6h),-,-,Cloudy
ARAK,04/08/2001,21Z,29.8,9%,-,180º (S ),14.4,0/8,-,-,-,-,-,-,Clear
ARAK,04/08/2001,18Z,28.2,14%,1003.6 Hpa,calm.,,0/8,-,-,-,-,-,-,Clear
ARAK,04/08/2001,15Z,34.2,8%,-,060º (NE),7.2,1/8,-,-,-,-,-,-,Few clouds
ARAK,04/08/2001,12Z,36.6,4%,1002.3 Hpa,090º (E ),7.2,0/8,-,-,-,-,-,-,Clear
ARAK,04/08/2001,09Z,35.2,4%,-,calm.,,0/8,-,-,-,-,-,-,Clear
ARAK,04/08/2001,03Z,17.2,25%,-,calm.,,0/8,-,-,-,-,-,-,Clear
ARAK,04/08/2001,00Z,29.4,8%,1001.0 Hpa,150º (SE),18.0,0/8,-,-,-,-,-,-,Clear
ARDEBIL,04/08/2001,21Z,15.0,98%,-,080º (E ),25.2,8/8,-,-,-,-,-,-,Overcast
ARDEBIL,04/08/2001,18Z,16.0,100%,-,080º (E ),25.2,8/8,-,-,-,-,-,-,Overcast
ARDEBIL,04/08/2001,15Z,17.4,92%,-,080º (E ),28.8,8/8,-,-,-,-,-,-,Overcast
ARDEBIL,04/08/2001,12Z,21.8,62%,1013.1 Hpa,090º (E ),28.8,7/8,2/8 SC,-,CI,-,-,-,Cloudy
ARDEBIL,04/08/2001,09Z,19.0,81%,-,090º (E ),28.8,5/8,-,-,-,-,-,-,Cloudy
ARDEBIL,04/08/2001,06Z,17.6,96%,-,090º (E ),25.2,8/8,-,-,-,-,-,-,Overcast
ARDEBIL,04/08/2001,03Z,16.8,92%,-,calm.,,8/8,-,-,-,-,-,-,Overcast
ARDEBIL,04/08/2001,00Z,15.0,96%,-,070º (E ),25.2,8/8,-,-,-,-,-,-,Overcast
BABULSAR,04/08/2001,21Z,26.4,89%,-,180º (S ),3.6,3/8,-,-,-,-,-,-,Scattered clouds
BABULSAR,04/08/2001,18Z,28.0,76%,1014.9 Hpa,calm.,,6/8,3/8 CB,AC,-,-,-,-,Cloudy
BABULSAR,04/08/2001,15Z,31.0,62%,-,230º (SW),14.4,5/8,-,-,-,-,-,-,Cloudy
BABULSAR,04/08/2001,12Z,32.8,54%,1013.4 Hpa,290º (W ),18.0,5/8,2/8 SC,AC,-,-,-,-,Cloudy
BABULSAR,04/08/2001,09Z,33.0,54%,-,300º (NW),18.0,5/8,-,-,-,-,-,-,Cloudy
BABULSAR,04/08/2001,03Z,25.2,80%,-,190º (S ),7.2,3/8,-,-,-,-,-,-,Scattered clouds
BABULSAR,04/08/2001,00Z,25.6,89%,-,180º (S ),7.2,8/8,-,-,-,-,-,-,Overcast
BAFT,04/08/2001,21Z,23.0,16%,-,030º (NE),14.4,0/8,-,-,-,-,-,-,Clear
BAFT,04/08/2001,18Z,26.0,15%,1000.0 Hpa,090º (E ),10.8,0/8,-,-,-,-,-,-,Clear
BAFT,04/08/2001,15Z,29.0,13%,998.4 Hpa,030º (NE),7.2,0/8,-,-,-,-,31.6,-,Clear
BAFT,04/08/2001,12Z,31.4,8%,997.1 Hpa,180º (S ),10.8,0/8,-,-,-,-,-,-,Clear
BAFT,04/08/2001,09Z,30.0,12%,998.4 Hpa,210º (SW),10.8,0/8,-,-,-,-,-,-,Clear
BAFT,04/08/2001,06Z,27.0,15%,1000.0 Hpa,030º (NE),28.8,0/8,-,-,-,-,-,-,Clear
BAFT,04/08/2001,00Z,21.4,20%,999.7 Hpa,030º (NE),14.4,0/8,-,-,-,-,-,-,Clear
BAM,04/08/2001,21Z,29.0,18%,999.8 Hpa,calm.,,0/8,-,-,-,-,-,-,"Clear, haze"
BAM,04/08/2001,18Z,33.0,15%,999.7 Hpa,calm.,,0/8,-,-,-,-,-,-,"Clear, dust"
BAM,04/08/2001,15Z,36.0,12%,998.4 Hpa,340º (N ),7.2,0/8,-,-,-,-,39.6,-,"Clear, dust"
BAM,04/08/2001,12Z,38.6,10%,998.7 Hpa,010º (N),14.4,0/8,-,-,-,-,-,-,"Clear, dust"
BAM,04/08/2001,09Z,38.0,10%,999.0 Hpa,360º (N ),36.0,0/8,-,-,-,-,-,-,"Clear, dust"
BAM,04/08/2001,06Z,36.4,11%,1000.2 Hpa,040º (NE),14.4,0/8,-,-,-,-,-,-,Clear
BAM,04/08/2001,00Z,30.0,15%,1000.6 Hpa,310º (NW),7.2,0/8,-,-,-,-,-,-,"Clear, dust"
BANDAR LENGEH,04/08/2001,15Z,35.4,63%,998.0 Hpa,100º (E ),10.8,0/8,-,-,-,-,38.8,-,"Clear, haze"
BANDAR LENGEH,04/08/2001,12Z,38.0,55%,997.9 Hpa,090º (E ),18.0,0/8,-,-,-,-,-,-,"Clear, haze"
BANDAR LENGEH,04/08/2001,09Z,37.6,56%,999.3 Hpa,070º (E ),18.0,0/8,-,-,-,-,-,-,"Clear, haze"
BANDAR LENGEH,04/08/2001,06Z,34.8,75%,999.0 Hpa,090º (E ),18.0,0/8,-,-,-,-,-,-,"Clear, haze"
BANDAR LENGEH,04/08/2001,03Z,31.4,92%,997.0 Hpa,calm.,,0/8,-,-,-,-,-,31.0,"Clear, mist"
BANDARABBASS,04/08/2001,21Z,31.4,74%,-,120º (SE),14.4,5/8,-,-,-,-,-,-,Cloudy
BANDARABBASS,04/08/2001,18Z,32.0,67%,1003.8 Hpa,120º (SE),14.4,0/8,-,-,-,-,-,14.0,"Clear, haze"
BANDARABBASS,04/08/2001,15Z,32.8,76%,-,150º (SE),18.0,0/8,-,-,-,-,-,-,Clear
BANDARABBASS,04/08/2001,12Z,35.4,50%,1000.9 Hpa,180º (S ),21.6,0/8,-,-,-,-,-,-,"Clear, haze"
BANDARABBASS,04/08/2001,09Z,36.2,53%,-,170º (S ),21.6,0/8,-,-,-,-,-,-,Clear
BANDARABBASS,04/08/2001,06Z,34.4,69%,1002.3 Hpa,160º (S ),21.6,3/8,3/8 ST,-,-,-,-,-,"Scattered clouds, haze"
BANDARABBASS,04/08/2001,03Z,30.4,90%,999.3 Hpa,calm.,,0/8,-,-,-,-,-,29.6,"Clear, mist"
BANDARABBASS,04/08/2001,00Z,31.0,77%,1004.3 Hpa,170º (S ),14.4,6/8,6/8 ST,-,-,-,-,-,"Cloudy, haze"
BIRJAND,04/08/2001,21Z,24.2,24%,-,calm.,,0/8,-,-,-,-,-,-,Clear
BIRJAND,04/08/2001,18Z,26.6,21%,1005.4 Hpa,120º (SE),10.8,0/8,-,-,-,-,-,-96.5,Clear
BIRJAND,04/08/2001,15Z,31.2,16%,-,060º (NE),25.2,0/8,-,-,-,-,-,-,Clear
BIRJAND,04/08/2001,12Z,34.6,12%,1003.0 Hpa,calm.,,0/8,-,-,-,-,-,-,Clear
BIRJAND,04/08/2001,09Z,33.6,14%,-,080º (E ),18.0,0/8,-,-,-,-,-,-,Clear
BIRJAND,04/08/2001,06Z,31.6,16%,1003.1 Hpa,080º (E ),25.2,0/8,-,-,-,-,-,-,Clear
BIRJAND,04/08/2001,03Z,25.0,24%,-,calm.,,0/8,-,-,-,-,-,-,Clear
BIRJAND,04/08/2001,00Z,21.8,31%,1005.3 Hpa,060º (NE),7.2,0/8,-,-,-,-,-,-,Clear
BOJNOURD,04/08/2001,18Z,26.6,45%,1010.1 Hpa,290º (W ),25.2,0/8,-,-,-,-,-,57.5,Clear
BOJNOURD,04/08/2001,12Z,33.0,20%,1007.9 Hpa,calm.,,0/8,-,-,-,-,-,-,Clear
BOJNOURD,04/08/2001,06Z,27.8,40%,1009.4 Hpa,290º (W ),14.4,0/8,-,-,-,-,-,-,"Clear, haze"
BOJNOURD,04/08/2001,00Z,21.4,82%,1010.7 Hpa,270º (W ),21.6,0/8,-,-,-,-,-,-,Clear
BUSHEHR,04/08/2001,18Z,35.6,61%,-,180º (S ),32.4,2/8,-,-,-,-,-,-,Few clouds
BUSHEHR,04/08/2001,12Z,36.2,123%,998.4 Hpa,210º (SW),43.2,0/8,-,-,-,-,-,-,"Clear, haze"
BUSHEHR,04/08/2001,09Z,37.8,74%,998.2 Hpa,240º (SW),18.0,0/8,-,-,-,-,-,-,"Clear, haze"
BUSHEHR,04/08/2001,06Z,37.2,9%,998.3 Hpa,030º (NE),18.0,0/8,-,-,-,-,-,-,"Clear, haze"
BUSHEHR,04/08/2001,03Z,31.0,93%,997.6 Hpa,120º (SE),7.2,0/8,-,-,-,-,-,30.6,"Clear, mist"
BUSHEHR,04/08/2001,00Z,32.6,56%,-,060º (NE),10.8,3/8,-,-,-,-,-,-,Scattered clouds
CHAHBAHAR,04/08/2001,21Z,27.0,83%,-,120º (SE),18.0,5/8,-,-,-,-,-,-,Cloudy
CHAHBAHAR,04/08/2001,18Z,27.6,82%,1005.4 Hpa,calm.,,0/8,-,-,-,-,-,-,"Clear, mist"
CHAHBAHAR,04/08/2001,15Z,27.8,80%,-,130º (SE),18.0,6/8,-,-,-,-,-,-,Cloudy
CHAHBAHAR,04/08/2001,12Z,29.0,71%,-,130º (SE),21.6,7/8,-,-,-,-,-,-,Cloudy
CHAHBAHAR,04/08/2001,09Z,29.4,71%,-,130º (SE),28.8,2/8,-,-,-,-,-,-,Few clouds
CHAHBAHAR,04/08/2001,06Z,29.6,74%,1003.6 Hpa,120º (SE),39.6,0/8,0/8 CU,AC,CI,-,-,-,"Clear, dust"
CHAHBAHAR,04/08/2001,03Z,27.2,77%,-,800º (N ),32.4,0/8,-,-,-,-,-,-,Clear
CHAHBAHAR,04/08/2001,00Z,27.0,141%,1006.1 Hpa,060º (NE),10.8,2/8,2/8 ST,-,-,-,-,-,Few clouds
ESFAHAN,04/08/2001,15Z,35.2,10%,-,070º (E ),25.2,0/8,-,-,-,-,-,-,Clear
ESFAHAN,04/08/2001,12Z,37.2,9%,1002.2 Hpa,080º (E ),21.6,0/8,-,-,-,-,-,-,Clear
ESFAHAN,04/08/2001,09Z,35.6,13%,-,140º (SE),25.2,0/8,-,-,-,-,-,-,Clear
ESFAHAN,04/08/2001,06Z,30.8,17%,1003.6 Hpa,010º (N),10.8,0/8,-,-,-,-,-,-,Clear
ESFAHAN,04/08/2001,03Z,18.6,21%,-,calm.,,0/8,-,-,-,-,-,-,Clear
ESFAHAN,04/08/2001,00Z,20.0,20%,1005.5 Hpa,calm.,,0/8,-,-,-,-,-,-,Clear
FASA,04/08/2001,21Z,30.2,21%,997.5 Hpa,calm.,,0/8,-,-,-,-,-,-,Clear
FASA,04/08/2001,18Z,26.4,24%,997.9 Hpa,calm.,,1/8,1/8 SC,-,-,-,-,-,Few clouds
FASA,04/08/2001,15Z,36.8,12%,996.2 Hpa,050º (NE),10.8,1/8,1/8 SC,-,-,-,40.4,-,Few clouds
FASA,04/08/2001,12Z,39.0,15%,996.0 Hpa,150º (SE),7.2,1/8,1/8 SC,-,-,-,-,-,Few clouds
FASA,04/08/2001,09Z,38.4,12%,996.9 Hpa,080º (E ),10.8,1/8,1/8 SC,-,-,-,-,-,Few clouds
FASA,04/08/2001,06Z,35.4,16%,997.9 Hpa,calm.,,0/8,-,-,-,-,-,-,Clear
FASA,04/08/2001,03Z,26.0,23%,997.1 Hpa,calm.,,0/8,-,-,-,-,-,23.6,Clear
FASA,04/08/2001,00Z,23.4,29%,997.9 Hpa,calm.,,0/8,-,-,-,-,-,-,Clear
FERDOUS,04/08/2001,12Z,35.2,15%,1004.0 Hpa,020º (N),14.4,0/8,-,-,-,-,-,-,Clear
FERDOUS,04/08/2001,06Z,32.0,19%,1003.7 Hpa,020º (N),18.0,0/8,-,-,-,-,-,-,Clear
GACH SARAN DU GUNBADAN,04/08/2001,18Z,35.0,15%,998.2 Hpa,calm.,,1/8,-,0/8 AC,-,-,-,-,Few clouds
GACH SARAN DU GUNBADAN,04/08/2001,12Z,43.6,5%,996.0 Hpa,180º (S ),28.8,0/8,-,-,-,-,-,-,Clear
GACH SARAN DU GUNBADAN,04/08/2001,06Z,40.6,5%,997.2 Hpa,900º (N ),43.2,0/8,-,-,-,-,-,-,Clear
GACH SARAN DU GUNBADAN,04/08/2001,00Z,28.2,41%,999.3 Hpa,calm.,,0/8,-,-,-,-,-,-,Clear
GHARAKHIL,04/08/2001,18Z,26.6,79%,-,160º (S ),7.2,8/8,-,-,-,-,-,-,Overcast
GHARAKHIL,04/08/2001,12Z,29.4,74%,1013.7 Hpa,270º (W ),7.2,7/8,5/8 CB,AC,-,-,-,-,Cloudy
GHARAKHIL,04/08/2001,00Z,24.8,93%,1016.7 Hpa,calm.,,8/8,3/8 SC,AC,,-,-,-,Overcast
GHAZVIN,04/08/2001,18Z,26.0,40%,1004.6 Hpa,calm.,,0/8,-,-,-,-,-,-,Clear
GHAZVIN,04/08/2001,15Z,35.2,12%,-,100º (E ),25.2,0/8,-,-,-,-,-,-,Clear
GHAZVIN,04/08/2001,12Z,37.4,11%,1004.3 Hpa,100º (E ),21.6,0/8,-,-,-,-,-,-,Clear
GHAZVIN,04/08/2001,09Z,34.2,16%,-,120º (SE),28.8,0/8,-,-,-,-,-,-,Clear
GHAZVIN,04/08/2001,06Z,30.2,24%,1007.0 Hpa,180º (S ),3.6,1/8,-,1/8 AC,-,-,-,-,"Few clouds, haze"
GHAZVIN,04/08/2001,03Z,18.8,59%,-,calm.,,4/8,-,-,-,-,-,-,Scattered clouds
GHAZVIN,04/08/2001,00Z,20.6,55%,1006.7 Hpa,calm.,,3/8,-,3/8 AC,-,-,-,-,Scattered clouds
GHUCHAN,04/08/2001,21Z,23.4,45%,-,calm.,,0/8,-,-,-,-,-,-,Clear
GHUCHAN,04/08/2001,18Z,26.4,32%,1010.0 Hpa,calm.,,0/8,-,-,-,-,-,-,Clear
GHUCHAN,04/08/2001,15Z,30.6,24%,-,090º (E ),7.2,0/8,-,-,-,-,-,-,Clear
GHUCHAN,04/08/2001,12Z,33.8,25%,1007.1 Hpa,060º (NE),7.2,1/8,-,-,CI,-,-,-,Few clouds
GHUCHAN,04/08/2001,09Z,32.0,25%,-,290º (W ),10.8,0/8,-,-,-,-,-,-,Clear
GHUCHAN,04/08/2001,06Z,26.8,36%,1009.6 Hpa,calm.,,0/8,-,-,-,-,-,-,Clear
GHUCHAN,04/08/2001,03Z,21.0,51%,-,calm.,,0/8,-,-,-,-,-,-,Clear
GORGAN,04/08/2001,21Z,28.4,66%,-,180º (S ),3.6,7/8,-,-,-,-,-,-,Cloudy
GORGAN,04/08/2001,18Z,29.0,64%,-,calm.,,8/8,-,-,-,-,-,-,Overcast
GORGAN,04/08/2001,15Z,29.4,66%,-,260º (W ),14.4,7/8,-,-,-,-,-,-,Cloudy
GORGAN,04/08/2001,09Z,34.2,50%,-,270º (W ),18.0,3/8,-,-,-,-,-,-,Scattered clouds
GORGAN,04/08/2001,03Z,27.2,66%,-,190º (S ),7.2,6/8,-,-,-,-,-,-,Cloudy
HAMEDAN,04/08/2001,21Z,27.0,23%,-,150º (SE),18.0,1/8,-,-,-,-,-,-,Few clouds
HAMEDAN,04/08/2001,18Z,30.2,17%,1001.5 Hpa,150º (SE),21.6,4/8,-,4/8 AC,-,-,-,83.4,Scattered clouds
HAMEDAN,04/08/2001,15Z,34.4,13%,-,130º (SE),18.0,3/8,-,-,-,-,-,-,Scattered clouds
HAMEDAN,04/08/2001,12Z,37.2,12%,1000.9 Hpa,calm.,,3/8,1/8 CU,AC,-,-,-,-,Scattered clouds
HAMEDAN,04/08/2001,09Z,36.4,14%,-,calm.,,0/8,-,-,-,-,-,-,Clear
HAMEDAN,04/08/2001,06Z,25.8,27%,1003.3 Hpa,calm.,,0/8,-,-,-,-,-,-,Clear
HAMEDAN,04/08/2001,03Z,14.8,49%,-,calm.,,0/8,-,-,-,-,-,-,Clear
HAMEDAN,04/08/2001,00Z,19.0,41%,1002.6 Hpa,calm.,,0/8,-,-,-,-,-,-,Clear
ILAM,04/08/2001,18Z,34.0,19%,1000.1 Hpa,calm.,,0/8,-,-,-,-,-,-,Clear
ILAM,04/08/2001,12Z,40.0,15%,998.1 Hpa,280º (W ),18.0,2/8,-,0/8 AC,-,-,-,-,Few clouds
ILAM,04/08/2001,06Z,35.6,17%,998.0 Hpa,calm.,,3/8,-,0/8 AC,-,-,-,-,Scattered clouds
ILAM,04/08/2001,00Z,31.6,17%,999.6 Hpa,330º (NW),14.4,2/8,-,0/8 AC,-,-,-,-,Few clouds
IRANSHAHR,04/08/2001,21Z,33.4,41%,-,150º (SE),18.0,4/8,-,-,-,-,-,-,Scattered clouds
IRANSHAHR,04/08/2001,18Z,36.4,34%,999.1 Hpa,130º (SE),18.0,2/8,-,-,CI,-,-,-,"Few clouds, haze"
IRANSHAHR,04/08/2001,15Z,42.0,10%,996.0 Hpa,230º (SW),14.4,3/8,-,-,CI,-,44.6,-,Scattered clouds
IRANSHAHR,04/08/2001,12Z,44.0,11%,996.1 Hpa,210º (SW),21.6,0/8,-,-,-,-,-,-,Clear
IRANSHAHR,04/08/2001,09Z,42.6,13%,998.0 Hpa,190º (S ),14.4,0/8,-,-,-,-,-,-,"Clear, haze"
IRANSHAHR,04/08/2001,06Z,39.6,18%,999.5 Hpa,calm.,,0/8,-,-,-,-,-,-,"Clear, haze"
IRANSHAHR,04/08/2001,03Z,33.8,35%,998.2 Hpa,040º (NE),7.2,0/8,-,-,-,-,-,32.6,"Clear, haze"
IRANSHAHR,04/08/2001,00Z,34.0,39%,1001.3 Hpa,calm.,,0/8,-,-,-,-,-,-,"Clear, haze"
JASK,04/08/2001,12Z,30.6,904%,1002.1 Hpa,150º (SE),36.0,0/8,-,-,-,-,-,-,"Clear, mist"
JASK,04/08/2001,06Z,30.6,904%,1003.0 Hpa,120º (SE),36.0,0/8,-,-,-,-,-,-,"Clear, mist"
KASHAN,04/08/2001,15Z,39.8,18%,-,calm.,,0/8,-,-,-,-,-,-,Clear
KASHAN,04/08/2001,12Z,41.4,14%,1002.4 Hpa,calm.,,0/8,-,-,-,-,-,-,Clear
KASHAN,04/08/2001,09Z,,0%,-,//0º (),36.0,0/8,-,-,-,-,-,-,Clear
KASHAN,04/08/2001,06Z,33.0,23%,1005.6 Hpa,calm.,,0/8,-,-,-,-,-,-,Clear
KASHAN,04/08/2001,03Z,25.6,23%,-,calm.,,0/8,-,-,-,-,-,-,Clear
KASHAN,04/08/2001,00Z,28.0,24%,1003.1 Hpa,calm.,,0/8,-,-,-,-,-,-,Clear
KASHMAR,04/08/2001,21Z,28.0,22%,-,calm.,,0/8,-,-,-,-,-,-,Clear
KASHMAR,04/08/2001,18Z,31.4,19%,1006.8 Hpa,090º (E ),10.8,0/8,-,-,-,-,-,-,Clear
KASHMAR,04/08/2001,15Z,35.4,18%,-,030º (NE),7.2,0/8,-,-,-,-,-,-,Clear
KASHMAR,04/08/2001,12Z,37.6,17%,1004.1 Hpa,080º (E ),10.8,0/8,-,-,-,-,-,-,"Clear, dust"
KASHMAR,04/08/2001,09Z,36.2,18%,-,100º (E ),14.4,0/8,-,-,-,-,-,-,Clear
KASHMAR,04/08/2001,06Z,32.6,21%,1005.6 Hpa,calm.,,0/8,-,-,-,-,-,-,"Clear, haze"
KASHMAR,04/08/2001,03Z,28.4,23%,-,calm.,,0/8,-,-,-,-,-,-,Clear
KASHMAR,04/08/2001,00Z,24.2,24%,1008.1 Hpa,calm.,,0/8,-,-,-,-,-,-,Clear
KERMAN,04/08/2001,21Z,24.0,15%,-,010º (N),7.2,0/8,-,-,-,-,-,-,Clear
KERMAN,04/08/2001,18Z,26.0,15%,1002.5 Hpa,040º (NE),7.2,0/8,-,-,-,-,-,-,Clear
KERMAN,04/08/2001,15Z,31.0,10%,-,040º (NE),25.2,0/8,-,-,-,-,-,-,Clear
KERMAN,04/08/2001,12Z,35.0,8%,999.7 Hpa,330º (NW),18.0,0/8,-,-,-,-,-,-,Clear
KERMAN,04/08/2001,09Z,33.4,12%,-,360º (N ),14.4,0/8,-,-,-,-,-,-,Clear
KERMAN,04/08/2001,06Z,30.8,18%,1001.7 Hpa,030º (NE),10.8,0/8,-,-,-,-,-,-,Clear
KERMAN,04/08/2001,00Z,25.0,16%,1001.8 Hpa,360º (N ),18.0,0/8,-,-,-,-,-,-,Clear
KERMANSHAH,04/08/2001,21Z,29.3,20%,999.2 Hpa,310º (NW),21.6,2/8,-,2/8 AC,-,-,-,-,Few clouds
KERMANSHAH,04/08/2001,18Z,31.4,20%,999.7 Hpa,280º (W ),7.2,2/8,-,2/8 AC,-,-,-,43.7,Few clouds
KERMANSHAH,04/08/2001,15Z,39.2,16%,-,260º (W ),7.2,3/8,-,-,-,-,-,-,Scattered clouds
KERMANSHAH,04/08/2001,12Z,39.4,15%,1000.3 Hpa,130º (SE),18.0,3/8,3/8 CU,-,-,-,-,-,Scattered clouds
KERMANSHAH,04/08/2001,09Z,40.0,17%,999.3 Hpa,130º (SE),28.8,1/8,1/8 CU,-,-,-,-,-,Few clouds
KERMANSHAH,04/08/2001,06Z,33.6,20%,1000.3 Hpa,140º (SE),18.0,0/8,-,-,-,-,-,-,Clear
KERMANSHAH,04/08/2001,03Z,20.4,27%,-,calm.,,0/8,-,-,-,-,-,-,Clear
KERMANSHAH,04/08/2001,00Z,22.9,23%,1001.8 Hpa,130º (SE),10.8,3/8,-,3/8 AC,-,-,-,-,Scattered clouds
KHOR,04/08/2001,15Z,38.0,11%,-,030º (NE),10.8,0/8,-,-,-,-,-,-,Clear
KHOR,04/08/2001,12Z,39.2,10%,1004.1 Hpa,070º (E ),7.2,0/8,-,-,-,-,-,-,Clear
KHOR,04/08/2001,09Z,39.0,12%,-,030º (NE),7.2,0/8,-,-,-,-,-,-,Clear
KHOR,04/08/2001,06Z,33.2,19%,1005.8 Hpa,040º (NE),7.2,0/8,-,-,-,-,-,-,Clear
KHOR,04/08/2001,03Z,26.4,39%,-,calm.,,0/8,-,-,-,-,-,-,Clear
KHOR,04/08/2001,00Z,26.4,26%,1005.1 Hpa,calm.,,0/8,-,-,-,-,-,-,Clear
KHORRAM ABAD,04/08/2001,18Z,31.2,19%,998.0 Hpa,300º (NW),14.4,0/8,-,-,-,-,-,-,Clear
KHORRAM ABAD,04/08/2001,15Z,39.6,8%,997.8 Hpa,230º (SW),10.8,1/8,-,1/8 AC,-,-,43.0,-,Few clouds
KHORRAM ABAD,04/08/2001,12Z,42.2,6%,997.6 Hpa,calm.,,1/8,1/8 CU,-,-,-,-,-,Few clouds
KHORRAM ABAD,04/08/2001,09Z,41.0,7%,997.3 Hpa,090º (E ),10.8,0/8,-,-,-,-,-,-,Clear
KHORRAM ABAD,04/08/2001,06Z,31.6,16%,999.6 Hpa,280º (W ),14.4,0/8,-,-,-,-,-,-,Clear
KHORRAM ABAD,04/08/2001,03Z,19.6,41%,998.8 Hpa,calm.,,0/8,-,-,-,-,-,19.0,Clear
KHORRAM ABAD,04/08/2001,00Z,25.2,19%,998.2 Hpa,,,6/8,-,6/8 AC,-,-,-,-,Cloudy
KHOY,04/08/2001,21Z,24.6,45%,-,calm.,,4/8,-,-,-,-,-,-,Scattered clouds
KHOY,04/08/2001,18Z,28.4,37%,1005.6 Hpa,010º (N),14.4,5/8,5/8 CB,-,-,-,-,-,Cloudy
KHOY,04/08/2001,15Z,34.2,25%,-,calm.,,6/8,-,-,-,-,-,-,Cloudy
KHOY,04/08/2001,12Z,34.0,24%,1005.4 Hpa,calm.,,2/8,2/8 CU,-,-,-,-,-,Few clouds
KHOY,04/08/2001,09Z,30.2,32%,-,100º (E ),10.8,0/8,-,-,-,-,-,-,Clear
KHOY,04/08/2001,03Z,20.4,50%,-,calm.,,0/8,-,-,-,-,-,-,Clear
KHOY,04/08/2001,00Z,22.0,62%,1008.2 Hpa,calm.,,2/8,2/8 SC,-,-,-,-,-,Few clouds
KISH ISLAND,04/08/2001,18Z,34.0,65%,1000.6 Hpa,090º (E ),25.2,0/8,-,-,CI,-,-,-,"Clear, haze"
KISH ISLAND,04/08/2001,12Z,37.6,57%,999.7 Hpa,140º (SE),14.4,0/8,-,-,-,-,-,-,"Clear, dust"
KISH ISLAND,04/08/2001,06Z,35.8,64%,-,140º (SE),28.8,0/8,-,-,-,-,-,-,Clear
KISH ISLAND,04/08/2001,00Z,32.6,65%,1001.6 Hpa,120º (SE),28.8,0/8,-,-,-,-,-,-,"Clear, dust"
MAKKO,04/08/2001,21Z,23.2,44%,-,120º (SE),25.2,4/8,-,-,-,-,-,-,Scattered clouds
MAKKO,04/08/2001,18Z,26.4,36%,1007.1 Hpa,120º (SE),32.4,4/8,4/8 CB,-,-,-,-,-,Scattered clouds
MAKKO,04/08/2001,15Z,30.8,24%,-,160º (S ),18.0,3/8,-,-,-,-,-,-,Scattered clouds
MAKKO,04/08/2001,12Z,31.2,23%,1005.3 Hpa,130º (SE),28.8,2/8,2/8 CU,-,-,-,-,-,Few clouds
MAKKO,04/08/2001,09Z,28.2,32%,-,090º (E ),21.6,2/8,-,-,-,-,-,-,Few clouds
MAKKO,04/08/2001,03Z,20.8,41%,-,calm.,,0/8,-,-,-,-,-,-,Clear
MAKKO,04/08/2001,00Z,21.2,57%,1009.1 Hpa,calm.,,2/8,2/8 SC,-,-,-,-,-,Few clouds
MARAGHEH,04/08/2001,21Z,25.0,22%,-,090º (E ),36.0,3/8,-,-,-,-,-,-,Scattered clouds
MARAGHEH,04/08/2001,18Z,29.0,25%,1004.7 Hpa,090º (E ),18.0,2/8,-,2/8 AC,-,-,-,-,Few clouds
MARAGHEH,04/08/2001,15Z,33.6,20%,-,calm.,,4/8,-,-,-,-,-,-,Scattered clouds
MARAGHEH,04/08/2001,12Z,34.4,17%,1003.6 Hpa,calm.,,3/8,1/8 CU,AC,-,-,-,-,"Scattered clouds, dust"
MARAGHEH,04/08/2001,09Z,31.6,16%,-,120º (SE),14.4,2/8,-,-,-,-,-,-,Few clouds
MARAGHEH,04/08/2001,06Z,27.0,19%,1003.8 Hpa,090º (E ),32.4,6/8,3/8 SC,AC,-,-,-,-,"Cloudy, dust"
MARAGHEH,04/08/2001,03Z,24.8,26%,-,110º (E ),14.4,7/8,-,-,-,-,-,-,Cloudy
MARAGHEH,04/08/2001,00Z,23.0,24%,1005.3 Hpa,080º (E ),36.0,6/8,-,6/8 AC,-,-,-,-,Cloudy
MASHHAD,04/08/2001,21Z,26.4,27%,-,320º (NW),10.8,0/8,-,-,-,-,-,-,Clear
MASHHAD,04/08/2001,18Z,28.2,25%,1009.9 Hpa,270º (W ),7.2,0/8,-,-,-,-,-,47.0,"Clear, dust"
MASHHAD,04/08/2001,12Z,32.0,21%,1008.0 Hpa,090º (E ),28.8,0/8,-,-,-,-,37.6,-,"Clear, dust"
MASHHAD,04/08/2001,09Z,37.2,18%,-,130º (SE),25.2,0/8,-,-,-,-,-,-,Clear
MASHHAD,04/08/2001,06Z,37.0,20%,1007.7 Hpa,080º (E ),28.8,0/8,-,-,-,-,-,-,"Clear, dust"
MASHHAD,04/08/2001,03Z,26.8,31%,-,090º (E ),21.6,0/8,-,-,-,-,-,-,Clear
MASHHAD,04/08/2001,00Z,24.0,30%,1009.2 Hpa,270º (W ),10.8,0/8,-,-,-,-,-,-,"Clear, haze"
MASJED-SOLEYMAN,04/08/2001,18Z,41.4,18%,998.3 Hpa,calm.,,0/8,-,-,-,-,-,-,Clear
MASJED-SOLEYMAN,04/08/2001,12Z,50.2,8%,995.9 Hpa,070º (E ),28.8,0/8,-,-,-,-,-,-,Clear
MASJED-SOLEYMAN,04/08/2001,06Z,45.2,10%,997.2 Hpa,070º (E ),25.2,0/8,-,-,-,-,-,-,Clear
MASJED-SOLEYMAN,04/08/2001,00Z,35.6,18%,998.7 Hpa,calm.,,0/8,-,-,-,-,-,-,Clear
MOHABAD,04/08/2001,18Z,28.0,23%,1008.0 Hpa,calm.,,0/8,-,-,-,-,-,-,Clear
MOHABAD,04/08/2001,12Z,32.8,13%,1008.7 Hpa,030º (NE),18.0,0/8,-,-,-,-,-,-,Clear
MOHABAD,04/08/2001,00Z,23.4,49%,1009.5 Hpa,calm.,,0/8,-,-,-,-,-,-,Clear
NEHBANDAN,04/08/2001,15Z,35.8,13%,-,010º (N),18.0,0/8,-,-,-,-,-,-,Clear
NEHBANDAN,04/08/2001,12Z,37.8,15%,1002.0 Hpa,060º (NE),18.0,0/8,-,-,-,-,-,-,Clear
NEHBANDAN,04/08/2001,09Z,37.6,14%,-,050º (NE),21.6,0/8,-,-,-,-,-,-,Clear
NEHBANDAN,04/08/2001,06Z,33.8,13%,1003.4 Hpa,360º (N ),50.4,0/8,-,-,-,-,-,-,Clear
NEHBANDAN,04/08/2001,03Z,,,-,calm.,,0/8,-,-,-,-,-,-,Clear
NOSHAHR,04/08/2001,18Z,26.0,98%,-,270º (W ),25.2,8/8,-,-,-,-,-,-,Overcast
NOSHAHR,04/08/2001,12Z,31.2,68%,1014.1 Hpa,320º (NW),18.0,2/8,1/8 CU,AC,-,-,-,-,Few clouds
NOSHAHR,04/08/2001,00Z,23.8,89%,1017.6 Hpa,210º (SW),108.0,8/8,4/8 CB,AC,,14.0(6h),-,-,"Overcast, rain showers"
OMIDYEH-AGHAJARI,04/08/2001,18Z,39.6,25%,1001.1 Hpa,calm.,,0/8,-,-,-,-,-,-,Clear
OMIDYEH-AGHAJARI,04/08/2001,12Z,51.6,9%,998.0 Hpa,calm.,,0/8,-,-,-,-,-,-,Clear
OMIDYEH-AGHAJARI,04/08/2001,06Z,41.0,24%,999.9 Hpa,calm.,,0/8,-,-,-,-,-,-,Clear
OMIDYEH-AGHAJARI,04/08/2001,00Z,31.0,64%,1002.1 Hpa,calm.,,0/8,-,-,-,-,-,-,Clear
ORUMIEH,04/08/2001,21Z,23.8,41%,-,350º (N ),10.8,0/8,-,-,-,-,-,-,Clear
ORUMIEH,04/08/2001,18Z,22.8,53%,1005.3 Hpa,calm.,,1/8,1/8 SC,-,-,-,-,-,Few clouds
ORUMIEH,04/08/2001,15Z,32.0,24%,-,calm.,,1/8,-,-,-,-,-,-,Few clouds
ORUMIEH,04/08/2001,12Z,32.4,23%,1004.9 Hpa,calm.,,1/8,1/8 CU,-,-,-,-,-,Few clouds
ORUMIEH,04/08/2001,09Z,30.6,26%,-,360º (N ),10.8,0/8,-,-,-,-,-,-,Clear
ORUMIEH,04/08/2001,03Z,19.6,39%,-,calm.,,3/8,-,-,-,-,-,-,Scattered clouds
ORUMIEH,04/08/2001,00Z,23.0,53%,1007.1 Hpa,350º (N ),10.8,0/8,-,-,-,-,-,-,Clear
PARS ABAD MOGHAN,04/08/2001,18Z,25.0,66%,1012.7 Hpa,100º (E ),10.8,0/8,-,-,-,-,-,-,Clear
PARS ABAD MOGHAN,04/08/2001,12Z,31.6,49%,1010.2 Hpa,110º (E ),14.4,4/8,1/8 CU,AC,-,-,-,-,Scattered clouds
PARS ABAD MOGHAN,04/08/2001,06Z,26.2,58%,1011.7 Hpa,150º (SE),21.6,7/8,2/8 SC,AC,-,-,-,-,Cloudy
PARS ABAD MOGHAN,04/08/2001,00Z,25.0,71%,1013.4 Hpa,calm.,,4/8,-,4/8 AC,-,-,-,-,Scattered clouds
RAMSAR,04/08/2001,21Z,25.4,91%,-,270º (W ),7.2,8/8,-,-,-,-,-,-,Overcast
RAMSAR,04/08/2001,18Z,25.8,92%,1016.3 Hpa,330º (NW),10.8,8/8,4/8 CB,AC,,9.0(6h),-,-,"Overcast, mist"
RAMSAR,04/08/2001,15Z,26.4,93%,-,calm.,,8/8,-,-,-,-,-,-,Overcast
RAMSAR,04/08/2001,12Z,30.0,67%,1013.8 Hpa,340º (N ),18.0,3/8,3/8 SC,-,-,-,-,-,Scattered clouds
RAMSAR,04/08/2001,09Z,31.0,67%,-,340º (N ),21.6,3/8,-,-,-,-,-,-,Scattered clouds
RAMSAR,04/08/2001,03Z,26.4,72%,-,240º (SW),7.2,2/8,-,-,-,-,-,-,Few clouds
RAMSAR,04/08/2001,00Z,25.4,84%,-,270º (W ),7.2,8/8,-,-,-,-,-,-,Overcast
RASHT,04/08/2001,21Z,22.8,104%,-,270º (W ),7.2,8/8,-,-,-,-,-,-,Overcast
RASHT,04/08/2001,18Z,23.2,98%,-,250º (W ),10.8,8/8,-,-,-,-,-,-,Overcast
RASHT,04/08/2001,15Z,25.2,85%,-,240º (SW),10.8,8/8,-,-,-,-,-,-,Overcast
RASHT,04/08/2001,12Z,28.0,73%,1016.7 Hpa,300º (NW),21.6,6/8,3/8 CU,AC,-,-,-,-,Cloudy
RASHT,04/08/2001,09Z,29.8,72%,-,330º (NW),14.4,5/8,-,-,-,-,-,-,Cloudy
RASHT,04/08/2001,06Z,29.2,69%,1016.6 Hpa,calm.,,4/8,2/8 CU,AC,-,-,-,-,Scattered clouds
RASHT,04/08/2001,03Z,23.8,94%,-,calm.,,5/8,-,-,-,-,-,-,Cloudy
RASHT,04/08/2001,00Z,23.0,98%,1019.6 Hpa,calm.,,7/8,3/8 SC,AC,-,-,-,-,Cloudy
SABZEVAR,04/08/2001,21Z,29.4,23%,-,070º (E ),7.2,0/8,-,-,-,-,-,-,Clear
SABZEVAR,04/08/2001,18Z,32.2,18%,1010.1 Hpa,100º (E ),18.0,0/8,-,-,-,-,-,-,Clear
SABZEVAR,04/08/2001,15Z,36.4,15%,-,070º (E ),14.4,0/8,-,-,-,-,-,-,Clear
SABZEVAR,04/08/2001,12Z,38.4,15%,1007.1 Hpa,calm.,,0/8,-,-,-,-,-,-,"Clear, haze"
SABZEVAR,04/08/2001,09Z,36.2,20%,-,calm.,,0/8,-,-,-,-,-,-,Clear
SABZEVAR,04/08/2001,06Z,32.6,22%,1010.4 Hpa,100º (E ),7.2,0/8,-,-,-,-,-,-,"Clear, haze"
SABZEVAR,04/08/2001,03Z,27.2,35%,-,calm.,,0/8,-,-,-,-,-,-,Clear
SABZEVAR,04/08/2001,00Z,26.6,31%,1011.1 Hpa,calm.,,0/8,-,-,-,-,-,-,Clear
SAFI-ABAD DEZFUL,04/08/2001,18Z,40.6,17%,998.1 Hpa,300º (NW),10.8,0/8,-,-,-,-,-,-,Clear
SAFI-ABAD DEZFUL,04/08/2001,12Z,49.6,7%,998.0 Hpa,210º (SW),14.4,0/8,-,-,-,-,-,-,Clear
SAFI-ABAD DEZFUL,04/08/2001,06Z,43.0,15%,999.5 Hpa,calm.,,0/8,-,-,-,-,-,-,Clear
SAFI-ABAD DEZFUL,04/08/2001,00Z,30.6,49%,1000.7 Hpa,070º (E ),14.4,5/8,-,0/8 AC,-,-,-,-,Cloudy
SAGHEZ,04/08/2001,18Z,25.2,20%,1004.5 Hpa,calm.,,1/8,-,1/8 AC,-,-,-,-,Few clouds
SAGHEZ,04/08/2001,12Z,34.8,13%,1003.8 Hpa,310º (NW),25.2,2/8,-,2/8 AC,-,-,-,-,Few clouds
SAGHEZ,04/08/2001,06Z,26.8,18%,1003.0 Hpa,310º (NW),10.8,5/8,-,5/8 AC,-,-,-,-,Cloudy
SAGHEZ,04/08/2001,00Z,18.0,25%,1005.5 Hpa,120º (SE),10.8,4/8,-,4/8 AC,-,-,-,-,Scattered clouds
SANANDAJ,04/08/2001,21Z,31.0,18%,999.7 Hpa,360º (N ),14.4,0/8,-,-,-,-,-,-,Clear
SANANDAJ,04/08/2001,18Z,31.4,15%,1000.7 Hpa,calm.,,1/8,-,1/8 AC,-,-,-,1.9,Few clouds
SANANDAJ,04/08/2001,15Z,37.6,10%,999.8 Hpa,210º (SW),14.4,5/8,5/8 SC,-,-,-,40.4,-,Cloudy
SANANDAJ,04/08/2001,12Z,40.0,8%,998.6 Hpa,220º (SW),25.2,5/8,5/8 SC,-,-,-,-,-,Cloudy
SANANDAJ,04/08/2001,09Z,37.8,9%,999.8 Hpa,210º (SW),18.0,1/8,1/8 CU,-,-,-,-,-,Few clouds
SANANDAJ,04/08/2001,06Z,29.8,16%,1001.1 Hpa,180º (S ),10.8,1/8,-,1/8 AC,-,-,-,-,Few clouds
SANANDAJ,04/08/2001,03Z,18.8,37%,-,calm.,,2/8,-,-,-,-,-,-,Few clouds
SANANDAJ,04/08/2001,00Z,27.4,28%,1003.4 Hpa,calm.,,7/8,-,7/8 AC,-,-,-,-,Cloudy
SARAB,04/08/2001,21Z,16.0,86%,-,080º (E ),25.2,5/8,-,-,-,-,-,-,Cloudy
SARAB,04/08/2001,18Z,17.6,75%,1011.3 Hpa,070º (E ),28.8,5/8,-,5/8 AC,-,-,-,-,Cloudy
SARAB,04/08/2001,15Z,22.6,52%,-,060º (NE),18.0,6/8,-,-,-,-,-,-,Cloudy
SARAB,04/08/2001,12Z,26.4,44%,1009.8 Hpa,070º (E ),25.2,5/8,-,5/8 AC,-,-,-,-,Cloudy
SARAB,04/08/2001,09Z,24.8,46%,-,060º (NE),32.4,2/8,-,-,-,-,-,-,Few clouds
SARAB,04/08/2001,06Z,22.8,59%,1010.2 Hpa,070º (E ),25.2,5/8,1/8 SC,AC,-,-,-,-,Cloudy
SARAB,04/08/2001,03Z,16.4,64%,-,070º (E ),25.2,7/8,-,-,-,-,-,-,Cloudy
SARAB,04/08/2001,00Z,15.6,83%,1012.2 Hpa,090º (E ),14.4,7/8,1/8 SC,AC,-,-,-,-,Cloudy
SARAKHS,04/08/2001,18Z,30.0,28%,1005.0 Hpa,310º (NW),7.2,0/8,-,-,-,-,-,-,Clear
SARAKHS,04/08/2001,12Z,40.4,15%,1003.8 Hpa,330º (NW),18.0,0/8,-,-,-,-,-,-,Clear
SARAKHS,04/08/2001,06Z,36.2,21%,1004.6 Hpa,320º (NW),32.4,0/8,-,-,-,-,-,-,"Clear, dust"
SARAKHS,04/08/2001,00Z,27.2,29%,1005.5 Hpa,300º (NW),14.4,0/8,-,-,-,-,-,-,"Clear, haze"
SARAVAN,04/08/2001,15Z,35.0,25%,-,190º (S ),25.2,2/8,-,-,-,-,-,-,Few clouds
SARAVAN,04/08/2001,12Z,39.0,6%,999.0 Hpa,calm.,,0/8,-,-,-,-,-,-,Clear
SARAVAN,04/08/2001,09Z,37.4,10%,-,120º (SE),14.4,0/8,-,-,-,-,-,-,Clear
SARAVAN,04/08/2001,06Z,33.0,7%,1001.1 Hpa,calm.,,0/8,-,-,-,-,-,-,"Clear, haze"
SARAVAN,04/08/2001,03Z,27.2,32%,-,calm.,,0/8,-,-,-,-,-,-,Clear
SEMNAN,04/08/2001,21Z,29.4,33%,-,calm.,,0/8,-,-,-,-,-,-,Clear
SEMNAN,04/08/2001,18Z,31.6,19%,1005.9 Hpa,calm.,,0/8,-,-,-,-,-,-,Clear
SEMNAN,04/08/2001,15Z,37.4,13%,-,180º (S ),7.2,0/8,-,-,-,-,-,-,Clear
SEMNAN,04/08/2001,12Z,38.8,12%,1004.0 Hpa,180º (S ),14.4,0/8,-,-,-,-,-,-,Clear
SEMNAN,04/08/2001,09Z,37.2,13%,-,110º (E ),14.4,0/8,-,-,-,-,-,-,Clear
SEMNAN,04/08/2001,06Z,34.0,18%,1005.9 Hpa,240º (SW),10.8,0/8,-,-,-,-,-,-,Clear
SEMNAN,04/08/2001,03Z,25.4,24%,-,calm.,,0/8,-,-,-,-,-,-,Clear
SEMNAN,04/08/2001,00Z,27.4,33%,1006.3 Hpa,calm.,,0/8,-,-,-,-,-,-,Clear
SHAHRE-KORD,04/08/2001,21Z,24.2,19%,-,calm.,,0/8,-,-,-,-,-,-,Clear
SHAHRE-KORD,04/08/2001,18Z,27.8,12%,1003.3 Hpa,090º (E ),10.8,0/8,-,-,-,-,-,-,Clear
SHAHRE-KORD,04/08/2001,15Z,30.8,12%,-,100º (E ),14.4,0/8,-,-,-,-,-,-,Clear
SHAHRE-KORD,04/08/2001,09Z,31.0,12%,-,100º (E ),18.0,0/8,-,-,-,-,-,-,Clear
SHAHRE-KORD,04/08/2001,03Z,14.8,37%,-,calm.,,0/8,-,-,-,-,-,-,Clear
SHAHRE-KORD,04/08/2001,00Z,17.6,35%,1009.5 Hpa,calm.,,0/8,-,-,-,-,-,-,Clear
SHAHRUD,04/08/2001,21Z,23.8,53%,-,calm.,,0/8,-,-,-,-,-,-,Clear
SHAHRUD,04/08/2001,18Z,25.8,43%,1008.6 Hpa,050º (NE),7.2,0/8,-,-,-,-,-,-,Clear
SHAHRUD,04/08/2001,15Z,29.0,43%,-,calm.,,0/8,-,-,-,-,-,-,Clear
SHAHRUD,04/08/2001,12Z,34.4,17%,1007.0 Hpa,calm.,,0/8,-,-,-,-,-,-,Clear
SHAHRUD,04/08/2001,09Z,33.2,17%,-,calm.,,0/8,-,-,-,-,-,-,Clear
SHAHRUD,04/08/2001,06Z,29.4,28%,1008.2 Hpa,calm.,,0/8,-,-,-,-,-,-,Clear
SHAHRUD,04/08/2001,03Z,23.4,34%,-,calm.,,0/8,-,-,-,-,-,-,Clear
SHAHRUD,04/08/2001,00Z,27.0,39%,1008.9 Hpa,calm.,,0/8,-,-,-,-,-,-,Clear
SHIRAZ,04/08/2001,21Z,25.6,28%,-,calm.,,0/8,-,-,-,-,-,-,Clear
SHIRAZ,04/08/2001,18Z,27.6,24%,999.9 Hpa,090º (E ),7.2,0/8,-,-,-,-,-,-,Clear
SHIRAZ,04/08/2001,15Z,36.2,9%,999.3 Hpa,120º (SE),7.2,1/8,1/8 CU,-,-,-,38.2,-,Few clouds
SHIRAZ,04/08/2001,12Z,37.2,9%,998.9 Hpa,060º (NE),10.8,1/8,1/8 CU,-,-,-,-,-,Few clouds
SHIRAZ,04/08/2001,09Z,35.6,12%,-,090º (E ),21.6,0/8,-,-,-,-,-,-,Clear
SHIRAZ,04/08/2001,06Z,32.8,15%,1000.6 Hpa,130º (SE),10.8,0/8,-,-,-,-,-,-,Clear
SHIRAZ,04/08/2001,03Z,22.8,31%,-,calm.,,0/8,-,-,-,-,-,-,Clear
SHIRAZ,04/08/2001,00Z,24.0,32%,1001.3 Hpa,calm.,,0/8,-,-,-,-,-,-,Clear
SIRI ISLAND,04/08/2001,12Z,35.6,73%,999.5 Hpa,060º (NE),25.2,0/8,-,-,-,-,-,-,"Clear, dust"
SIRI ISLAND,04/08/2001,06Z,34.0,79%,-,100º (E ),25.2,0/8,-,-,-,-,-,-,Clear
SIRJAN,04/08/2001,21Z,26.4,17%,999.7 Hpa,050º (NE),14.4,0/8,-,-,-,-,-,-,Clear
SIRJAN,04/08/2001,18Z,27.4,14%,999.6 Hpa,010º (N),18.0,0/8,-,-,-,-,-,-,Clear
SIRJAN,04/08/2001,15Z,33.6,11%,998.6 Hpa,360º (N ),28.8,0/8,-,-,-,-,36.0,-,Clear
SIRJAN,04/08/2001,12Z,35.4,10%,998.7 Hpa,060º (NE),18.0,0/8,-,-,-,-,-,-,Clear
SIRJAN,04/08/2001,09Z,34.4,11%,999.4 Hpa,calm.,,0/8,-,-,-,-,-,-,Clear
SIRJAN,04/08/2001,06Z,32.6,12%,1000.2 Hpa,060º (NE),7.2,0/8,-,-,-,-,-,-,Clear
SIRJAN,04/08/2001,00Z,22.8,20%,1000.0 Hpa,calm.,,0/8,-,-,-,-,-,-,Clear
TABAS,04/08/2001,18Z,36.4,12%,1003.1 Hpa,calm.,,0/8,-,-,-,-,-,-73.5,Clear
TABAS,04/08/2001,12Z,41.6,8%,1001.6 Hpa,360º (N ),25.2,0/8,-,-,-,-,-,-,Clear
TABAS,04/08/2001,06Z,37.0,13%,1003.6 Hpa,calm.,,0/8,-,-,-,-,-,-,Clear
TABAS,04/08/2001,00Z,32.0,18%,1004.7 Hpa,calm.,,0/8,-,-,-,-,-,-,Clear
TABRIZ,04/08/2001,21Z,24.2,46%,-,060º (NE),25.2,3/8,-,-,-,-,-,-,Scattered clouds
TABRIZ,04/08/2001,18Z,26.4,36%,1008.1 Hpa,070º (E ),32.4,3/8,2/8 SC,AC,CI,-,-,1.6,Scattered clouds
TABRIZ,04/08/2001,15Z,32.2,23%,-,080º (E ),21.6,1/8,-,-,-,-,-,-,Few clouds
TABRIZ,04/08/2001,12Z,33.8,19%,1004.7 Hpa,150º (SE),7.2,2/8,1/8 CU,-,CI,-,-,-,Few clouds
TABRIZ,04/08/2001,09Z,30.6,23%,-,080º (E ),28.8,0/8,-,-,-,-,-,-,Clear
TABRIZ,04/08/2001,06Z,,,1008.0 Hpa,400º (N ),288.0,0/8,1/8 SC,AC,-,-,-,-,Clear
TABRIZ,04/08/2001,03Z,23.6,23%,-,090º (E ),14.4,6/8,-,-,-,-,-,-,Cloudy
TABRIZ,04/08/2001,00Z,22.4,50%,1008.5 Hpa,060º (NE),36.0,4/8,2/8 SC,AC,-,-,-,-,Scattered clouds
TEHRAN-MEHRABAD,04/08/2001,21Z,32.0,22%,-,080º (E ),7.2,0/8,-,-,-,-,-,-,Clear
TEHRAN-MEHRABAD,04/08/2001,18Z,33.0,21%,1004.1 Hpa,calm.,,0/8,-,-,-,-,-,-,Clear
TEHRAN-MEHRABAD,04/08/2001,15Z,36.6,14%,-,120º (SE),10.8,0/8,-,-,-,-,-,-,Clear
TEHRAN-MEHRABAD,04/08/2001,12Z,37.6,16%,1004.0 Hpa,130º (SE),10.8,0/8,-,-,-,-,-,-,Clear
TEHRAN-MEHRABAD,04/08/2001,09Z,35.8,22%,-,110º (E ),18.0,1/8,-,-,-,-,-,-,Few clouds
TEHRAN-MEHRABAD,04/08/2001,06Z,31.8,25%,1006.2 Hpa,calm.,,0/8,-,-,-,-,-,-,"Clear, haze"
TEHRAN-MEHRABAD,04/08/2001,03Z,27.0,33%,-,calm.,,0/8,-,-,-,-,-,-,Clear
TEHRAN-MEHRABAD,04/08/2001,00Z,29.0,31%,1006.3 Hpa,calm.,,5/8,1/8 SC,AC,-,-,-,-,Cloudy
TORBAT-HEYDARIEH,04/08/2001,21Z,25.6,32%,-,070º (E ),14.4,0/8,-,-,-,-,-,-,Clear
TORBAT-HEYDARIEH,04/08/2001,18Z,27.0,29%,1007.6 Hpa,060º (NE),18.0,0/8,-,-,-,-,-,-,Clear
TORBAT-HEYDARIEH,04/08/2001,15Z,30.6,26%,-,070º (E ),18.0,1/8,-,-,-,-,-,-,Few clouds
TORBAT-HEYDARIEH,04/08/2001,12Z,32.6,25%,1005.4 Hpa,040º (NE),14.4,0/8,-,-,-,-,-,-,Clear
TORBAT-HEYDARIEH,04/08/2001,09Z,32.4,25%,-,060º (NE),10.8,0/8,-,-,-,-,-,-,Clear
TORBAT-HEYDARIEH,04/08/2001,06Z,28.8,32%,1006.3 Hpa,030º (NE),18.0,0/8,-,-,-,-,-,-,Clear
TORBAT-HEYDARIEH,04/08/2001,03Z,23.6,34%,-,030º (NE),10.8,0/8,-,-,-,-,-,-,Clear
TORBAT-HEYDARIEH,04/08/2001,00Z,23.2,36%,1007.9 Hpa,calm.,,0/8,-,-,-,-,-,-,Clear
YASOGE,04/08/2001,21Z,29.6,8%,-,060º (NE),21.6,0/8,-,-,-,-,-,-,Clear
YASOGE,04/08/2001,18Z,28.4,16%,1002.0 Hpa,calm.,,0/8,-,-,-,-,-,-,Clear
YASOGE,04/08/2001,15Z,34.0,8%,-,calm.,,0/8,-,-,-,-,-,-,Clear
YASOGE,04/08/2001,12Z,35.2,6%,1000.2 Hpa,150º (SE),10.8,0/8,-,-,-,-,-,-,Clear
YASOGE,04/08/2001,09Z,34.0,8%,-,070º (E ),25.2,0/8,-,-,-,-,-,-,Clear
YASOGE,04/08/2001,06Z,29.6,10%,1002.7 Hpa,150º (SE),18.0,0/8,-,-,-,-,-,-,Clear
YASOGE,04/08/2001,03Z,22.6,16%,-,calm.,,0/8,-,-,-,-,-,-,Clear
YASOGE,04/08/2001,00Z,28.4,10%,1001.9 Hpa,110º (E ),10.8,0/8,-,-,-,-,-,-,Clear
YAZD,04/08/2001,21Z,26.6,15%,-,240º (SW),14.4,0/8,-,-,-,-,-,-,Clear
YAZD,04/08/2001,18Z,32.4,10%,1003.8 Hpa,040º (NE),14.4,0/8,-,-,-,-,-,-,Clear
YAZD,04/08/2001,15Z,37.0,6%,-,030º (NE),14.4,0/8,-,-,-,-,-,-,Clear
YAZD,04/08/2001,12Z,39.4,7%,1001.6 Hpa,310º (NW),10.8,0/8,-,-,-,-,-,-,Clear
YAZD,04/08/2001,09Z,37.2,10%,-,170º (S ),10.8,0/8,-,-,-,-,-,-,Clear
YAZD,04/08/2001,06Z,32.6,18%,1003.7 Hpa,310º (NW),14.4,0/8,-,-,-,-,-,-,Clear
YAZD,04/08/2001,03Z,25.0,18%,-,calm.,,0/8,-,-,-,-,-,-,Clear
YAZD,04/08/2001,00Z,,0%,1005.0 Hpa,180º (S ),10.8,0/8,-,-,-,-,-,-,Clear
ZABOL,04/08/2001,18Z,36.6,23%,998.6 Hpa,320º (NW),46.8,0/8,-,-,-,-,-,-,"Clear, dust"
ZABOL,04/08/2001,12Z,44.4,14%,998.8 Hpa,340º (N ),18.0,0/8,-,-,-,-,-,-,Clear
ZABOL,04/08/2001,06Z,38.6,17%,1000.8 Hpa,340º (N ),43.2,0/8,-,-,-,-,-,-,"Clear, dust"
ZABOL,04/08/2001,00Z,31.8,29%,1002.1 Hpa,320º (NW),36.0,0/8,-,-,-,-,-,-,"Clear, dust"
ZAHEDAN,04/08/2001,21Z,20.0,30%,-,010º (N),21.6,0/8,-,-,-,-,-,-,Clear
ZAHEDAN,04/08/2001,18Z,26.4,12%,1001.8 Hpa,040º (NE),10.8,0/8,-,-,-,-,-,-,Clear
ZAHEDAN,04/08/2001,15Z,34.0,6%,-,030º (NE),14.4,0/8,-,-,-,-,-,-,Clear
ZAHEDAN,04/08/2001,12Z,36.6,6%,996.4 Hpa,020º (N),25.2,0/8,-,-,-,-,-,-,"Clear, dust"
ZAHEDAN,04/08/2001,09Z,34.4,8%,-,350º (N ),18.0,0/8,-,-,-,-,-,-,Clear
ZAHEDAN,04/08/2001,06Z,31.0,10%,1001.4 Hpa,calm.,,0/8,-,-,-,-,-,-,Clear
ZAHEDAN,04/08/2001,03Z,22.0,10%,999.2 Hpa,160º (S ),7.2,0/8,-,-,-,-,-,18.8,Clear
ZAHEDAN,04/08/2001,00Z,26.4,88%,1001.4 Hpa,330º (NW),7.2,0/8,-,-,-,-,-,-,Clear
ZANJAN,04/08/2001,21Z,21.0,61%,-,050º (NE),25.2,6/8,-,-,-,-,-,-,Cloudy
ZANJAN,04/08/2001,18Z,22.4,54%,1006.7 Hpa,060º (NE),21.6,6/8,3/8 CB,AC,-,-,-,47.3,Cloudy
ZANJAN,04/08/2001,15Z,29.4,28%,-,060º (NE),28.8,5/8,-,-,-,-,-,-,Cloudy
ZANJAN,04/08/2001,12Z,32.0,21%,1004.7 Hpa,110º (E ),21.6,3/8,2/8 CU,-,CI,-,-,-,Scattered clouds
ZANJAN,04/08/2001,09Z,31.0,19%,-,120º (SE),21.6,2/8,-,-,-,-,-,-,Few clouds
ZANJAN,04/08/2001,06Z,28.0,22%,1005.2 Hpa,070º (E ),21.6,3/8,2/8 SC,AC,-,-,-,-,Scattered clouds
ZANJAN,04/08/2001,03Z,18.8,39%,-,090º (E ),7.2,4/8,-,-,-,-,-,-,Scattered clouds
ZANJAN,04/08/2001,00Z,20.6,59%,1007.5 Hpa,040º (NE),21.6,5/8,2/8 CU,AC,-,-,-,-,Cloudy
