Station ∆,Date,UTC time,Temp. (ºC),Rel. Hum. (%),Pressure/ Geopot.,Wind dir,Wins speed (Km/h),Clouds,Low clouds,Medium clouds,High clouds,Prec. (mm),Max temp. (ºC),Min temp. (ºC),Conditions
ABADAN,23/12/2005,21Z,19.0,90%,-,110º (E ),7.2,8/8,-,-,-,-,-,-,Overcast
ABADAN,23/12/2005,18Z,21.0,79%,-,170º (S ),10.8,8/8,-,-,-,-,-,-,Overcast
ABADAN,23/12/2005,15Z,21.2,65%,-,170º (S ),18.0,8/8,-,-,-,-,-,-,Overcast
ABADAN,23/12/2005,12Z,21.8,64%,-,150º (SE),28.8,8/8,-,-,-,-,-,-,Overcast
ABADAN,23/12/2005,09Z,22.0,82%,-,180º (S ),18.0,8/8,-,-,-,-,-,-,Overcast
ABADAN,23/12/2005,06Z,19.6,84%,-,130º (SE),21.6,8/8,-,-,-,-,-,-,Overcast
ABADAN,23/12/2005,03Z,12.2,83%,1019.6 Hpa,000º (N),0.0,5/8,1/8 SC,AC,-,-,-,12.2,"Cloudy, mist"
ABADAN,23/12/2005,00Z,17.2,77%,-,290º (W ),-,8/8,-,-,-,-,-,-,Overcast
ABADEH,23/12/2005,21Z,9.6,38%,-,200º (S ),14.4,6/8,-,-,-,-,-,-,Cloudy
ABADEH,23/12/2005,18Z,10.0,35%,-,190º (S ),18.0,6/8,-,-,-,-,-,-,Cloudy
ABADEH,23/12/2005,15Z,11.0,37%,-,calm.,,6/8,-,-,-,-,-,-,Cloudy
ABADEH,23/12/2005,12Z,14.4,32%,-,240º (SW),18.0,5/8,-,-,-,-,-,-,Cloudy
ABADEH,23/12/2005,09Z,15.6,25%,-,220º (SW),10.8,2/8,-,-,-,-,-,-,Few clouds
ABADEH,23/12/2005,06Z,6.0,48%,-,calm.,,4/8,-,-,-,-,-,-,Scattered clouds
ABADEH,23/12/2005,03Z,1.0,55%,-,calm.,,3/8,-,-,-,-,-,-,Scattered clouds
ABADEH,23/12/2005,00Z,9.0,39%,-,170º (S ),21.6,6/8,-,-,-,-,-,-,Cloudy
ABU MUSA,23/12/2005,15Z,23.4,88%,-,calm.,,5/8,-,-,-,-,-,-,Cloudy
ABU MUSA,23/12/2005,12Z,24.8,85%,-,190º (S ),7.2,4/8,-,-,-,-,-,-,Scattered clouds
ABU MUSA,23/12/2005,09Z,25.8,69%,-,calm.,,3/8,-,-,-,-,-,-,Scattered clouds
ABU MUSA,23/12/2005,06Z,25.2,386%,1017.0 Hpa,calm.,,2/8,2/8 CU,-,-,-,-,-,"Few clouds, haze"
AHAR,23/12/2005,21Z,0.2,100%,-,calm.,,7/8,-,-,-,-,-,-,Cloudy
AHAR,23/12/2005,18Z,0.2,100%,-,calm.,,8/8,-,-,-,-,-,-,Overcast
AHAR,23/12/2005,15Z,0.2,100%,-,calm.,,8/8,-,-,-,-,-,-,Overcast
AHAR,23/12/2005,12Z,1.2,98%,-,120º (SE),7.2,8/8,-,-,-,-,-,-,Overcast
AHAR,23/12/2005,09Z,2.0,93%,-,320º (NW),10.8,8/8,-,-,-,-,-,-,Overcast
AHAR,23/12/2005,06Z,3.0,56%,-,calm.,,8/8,-,-,-,-,-,-,Overcast
AHAR,23/12/2005,03Z,-0.4,70%,-,calm.,,5/8,-,-,-,-,-,-,Cloudy
AHAR,23/12/2005,00Z,-1.0,97%,-,calm.,,3/8,-,-,-,-,-,-,Scattered clouds
AHWAZ,23/12/2005,21Z,17.4,85%,-,110º (E ),10.8,8/8,-,-,-,-,-,-,Overcast
AHWAZ,23/12/2005,18Z,20.2,76%,-,140º (SE),18.0,8/8,-,-,-,-,-,-,Overcast
AHWAZ,23/12/2005,15Z,18.2,76%,-,120º (SE),14.4,8/8,-,-,-,-,-,-,Overcast
AHWAZ,23/12/2005,12Z,20.4,56%,-,060º (NE),10.8,8/8,-,-,-,-,-,-,Overcast
AHWAZ,23/12/2005,09Z,21.6,41%,-,120º (SE),21.6,8/8,-,-,-,-,-,-,Overcast
AHWAZ,23/12/2005,06Z,17.2,62%,-,140º (SE),10.8,8/8,-,-,-,-,-,-,Overcast
AHWAZ,23/12/2005,03Z,15.8,70%,-,calm.,,6/8,-,-,-,-,-,-,Cloudy
AHWAZ,23/12/2005,00Z,15.2,76%,1013.3 Hpa,calm.,,3/8,-,3/8 AC,-,-,-,-,"Scattered clouds, haze"
ALI-GOODARZ,23/12/2005,21Z,4.0,85%,-,170º (S ),32.4,8/8,-,-,-,-,-,-,Overcast
ALI-GOODARZ,23/12/2005,18Z,3.8,88%,-,180º (S ),18.0,8/8,-,-,-,-,-,-,Overcast
ALI-GOODARZ,23/12/2005,15Z,4.4,82%,-,170º (S ),36.0,8/8,-,-,-,-,-,-,Overcast
ALI-GOODARZ,23/12/2005,12Z,5.0,83%,-,160º (S ),36.0,8/8,-,-,-,-,-,-,Overcast
ALI-GOODARZ,23/12/2005,09Z,7.2,74%,-,180º (S ),39.6,8/8,-,-,-,-,-,-,Overcast
ALI-GOODARZ,23/12/2005,06Z,5.4,80%,-,120º (SE),21.6,8/8,-,-,-,-,-,-,Overcast
ALI-GOODARZ,23/12/2005,03Z,1.8,96%,-,calm.,,,-,-,-,-,-,-,-
ALI-GOODARZ,23/12/2005,00Z,3.8,88%,-,180º (S ),28.8,8/8,-,-,-,-,-,-,Overcast
ANZALI,23/12/2005,21Z,10.0,92%,-,calm.,,8/8,-,-,-,-,-,-,Overcast
ANZALI,23/12/2005,18Z,10.6,89%,-,calm.,,8/8,-,-,-,-,-,-,Overcast
ANZALI,23/12/2005,15Z,10.6,79%,-,calm.,,8/8,-,-,-,-,-,-,Overcast
ANZALI,23/12/2005,12Z,11.2,87%,-,calm.,,8/8,-,-,-,-,-,-,Overcast
ANZALI,23/12/2005,09Z,10.4,89%,-,340º (N ),7.2,8/8,-,-,-,-,-,-,Overcast
ANZALI,23/12/2005,06Z,9.8,89%,-,340º (N ),7.2,8/8,-,-,-,-,-,-,Overcast
ANZALI,23/12/2005,03Z,9.6,92%,-,340º (N ),7.2,7/8,-,-,-,-,-,-,Cloudy
ANZALI,23/12/2005,00Z,10.4,94%,1020.1 Hpa,340º (N ),7.2,8/8,8/8 ST,,,1.0(6h),-,-,"Overcast, drizzle"
ARAK,23/12/2005,21Z,8.4,70%,-,calm.,,8/8,-,-,-,-,-,-,Overcast
ARAK,23/12/2005,18Z,9.2,62%,-,150º (SE),14.4,8/8,-,-,-,-,-,-,Overcast
ARAK,23/12/2005,15Z,8.8,66%,-,calm.,,8/8,-,-,-,-,-,-,Overcast
ARAK,23/12/2005,12Z,11.4,54%,-,180º (S ),10.8,8/8,-,-,-,-,-,-,Overcast
ARAK,23/12/2005,09Z,9.2,68%,-,120º (SE),10.8,8/8,-,-,-,-,-,-,Overcast
ARAK,23/12/2005,06Z,6.8,73%,-,160º (S ),21.6,8/8,-,-,-,-,-,-,Overcast
ARAK,23/12/2005,03Z,6.2,78%,-,120º (SE),7.2,6/8,-,-,-,-,-,-,Cloudy
ARAK,23/12/2005,00Z,6.0,78%,-,200º (S ),25.2,8/8,-,-,-,-,-,-,Overcast
ARDEBIL,23/12/2005,21Z,5.2,85%,-,240º (SW),28.8,8/8,-,-,-,-,-,-,Overcast
ARDEBIL,23/12/2005,15Z,2.4,96%,-,080º (E ),7.2,8/8,-,-,-,-,-,-,Overcast
ARDEBIL,23/12/2005,12Z,5.0,91%,-,180º (S ),21.6,8/8,-,-,-,-,-,-,Overcast
ARDEBIL,23/12/2005,09Z,6.8,75%,-,210º (SW),18.0,8/8,-,-,-,-,-,-,Overcast
ARDEBIL,23/12/2005,06Z,-1.2,83%,-,calm.,,4/8,-,-,-,-,-,-,Scattered clouds
ARDEBIL,23/12/2005,03Z,-2.0,94%,-,calm.,,2/8,-,-,-,-,-,-,Few clouds
ARDEBIL,23/12/2005,00Z,2.6,93%,-,calm.,,8/8,-,-,-,-,-,-,Overcast
BABULSAR,23/12/2005,21Z,9.2,92%,-,calm.,,8/8,-,-,-,-,-,-,Overcast
BABULSAR,23/12/2005,18Z,11.4,89%,-,calm.,,8/8,-,-,-,-,-,-,Overcast
BABULSAR,23/12/2005,15Z,12.4,80%,-,calm.,,8/8,-,-,-,-,-,-,Overcast
BABULSAR,23/12/2005,12Z,13.6,77%,-,330º (NW),7.2,8/8,-,-,-,-,-,-,Overcast
BABULSAR,23/12/2005,09Z,14.4,67%,-,calm.,,6/8,-,-,-,-,-,-,Cloudy
BABULSAR,23/12/2005,06Z,10.4,84%,-,calm.,,3/8,-,-,-,-,-,-,Scattered clouds
BABULSAR,23/12/2005,03Z,7.4,94%,-,calm.,,5/8,-,-,-,-,-,-,Cloudy
BABULSAR,23/12/2005,00Z,9.6,94%,-,calm.,,8/8,-,-,-,-,-,-,Overcast
BAFT,23/12/2005,21Z,6.0,61%,-,calm.,,3/8,-,-,-,-,-,-,Scattered clouds
BAFT,23/12/2005,18Z,7.4,58%,-,calm.,,5/8,-,-,-,-,-,-,Cloudy
BAFT,23/12/2005,15Z,10.8,37%,-,300º (NW),14.4,3/8,-,-,-,-,-,-,Scattered clouds
BAFT,23/12/2005,12Z,15.0,26%,-,270º (W ),14.4,0/8,-,-,-,-,-,-,Clear
BAFT,23/12/2005,09Z,14.6,27%,-,270º (W ),18.0,2/8,-,-,-,-,-,-,Few clouds
BAFT,23/12/2005,06Z,11.6,37%,-,calm.,,0/8,-,-,-,-,-,-,Clear
BAFT,23/12/2005,03Z,2.0,55%,-,calm.,,0/8,-,-,-,-,-,-,Clear
BAFT,23/12/2005,00Z,3.8,74%,-,calm.,,0/8,-,-,-,-,-,-,Clear
BAM,23/12/2005,21Z,15.4,32%,-,290º (W ),18.0,0/8,-,-,-,-,-,-,Clear
BAM,23/12/2005,18Z,13.2,30%,-,300º (NW),10.8,0/8,-,-,-,-,-,-,Clear
BAM,23/12/2005,15Z,16.4,36%,-,calm.,,0/8,-,-,-,-,-,-,Clear
BAM,23/12/2005,12Z,21.6,17%,-,150º (SE),10.8,2/8,-,-,-,-,-,-,Few clouds
BAM,23/12/2005,09Z,21.0,17%,-,090º (E ),10.8,3/8,-,-,-,-,-,-,Scattered clouds
BAM,23/12/2005,06Z,16.2,25%,-,240º (SW),14.4,0/8,-,-,-,-,-,-,Clear
BAM,23/12/2005,03Z,7.6,38%,-,280º (W ),10.8,0/8,-,-,-,-,-,-,Clear
BAM,23/12/2005,00Z,16.2,35%,-,300º (NW),10.8,8/8,-,-,-,-,-,-,Overcast
BANDAR LENGEH,23/12/2005,15Z,23.4,76%,-,calm.,,2/8,-,-,-,-,-,-,Few clouds
BANDAR LENGEH,23/12/2005,12Z,25.2,72%,-,180º (S ),7.2,1/8,-,-,-,-,-,-,Few clouds
BANDAR LENGEH,23/12/2005,09Z,24.6,71%,-,090º (E ),10.8,2/8,-,-,-,-,-,-,Few clouds
BANDAR LENGEH,23/12/2005,06Z,23.0,78%,-,calm.,,2/8,-,-,-,-,-,-,Few clouds
BANDARABBASS,23/12/2005,21Z,19.6,84%,-,010º (N),7.2,3/8,-,-,-,-,-,-,Scattered clouds
BANDARABBASS,23/12/2005,18Z,20.6,81%,-,350º (N ),7.2,3/8,-,-,-,-,-,-,Scattered clouds
BANDARABBASS,23/12/2005,15Z,23.0,76%,-,190º (S ),7.2,1/8,-,-,-,-,-,-,Few clouds
BANDARABBASS,23/12/2005,12Z,24.6,66%,-,170º (S ),18.0,1/8,-,-,-,-,-,-,Few clouds
BANDARABBASS,23/12/2005,09Z,26.0,57%,-,170º (S ),10.8,3/8,-,-,-,-,-,-,Scattered clouds
BANDARABBASS,23/12/2005,06Z,22.0,68%,-,010º (N),7.2,2/8,-,-,-,-,-,-,Few clouds
BANDARABBASS,23/12/2005,00Z,16.4,85%,1016.1 Hpa,330º (NW),7.2,0/8,-,-,-,-,-,-,"Clear, mist"
BIRJAND,23/12/2005,21Z,9.0,36%,-,080º (E ),18.0,5/8,-,-,-,-,-,-,Cloudy
BIRJAND,23/12/2005,18Z,7.8,38%,-,070º (E ),10.8,2/8,-,-,-,-,-,-,Few clouds
BIRJAND,23/12/2005,15Z,10.2,41%,-,calm.,,3/8,-,-,-,-,-,-,Scattered clouds
BIRJAND,23/12/2005,12Z,16.8,27%,-,270º (W ),10.8,5/8,-,-,-,-,-,-,Cloudy
BIRJAND,23/12/2005,09Z,16.4,31%,-,300º (NW),7.2,1/8,-,-,-,-,-,-,Few clouds
BIRJAND,23/12/2005,06Z,11.0,35%,-,calm.,,0/8,-,-,-,-,-,-,Clear
BIRJAND,23/12/2005,00Z,9.0,34%,-,080º (E ),21.6,6/8,-,-,-,-,-,-,Cloudy
BOJNOURD,23/12/2005,21Z,12.8,27%,-,160º (S ),21.6,7/8,-,-,-,-,-,-,Cloudy
BOJNOURD,23/12/2005,18Z,12.0,32%,-,110º (E ),21.6,6/8,-,-,-,-,-,-,Cloudy
BOJNOURD,23/12/2005,15Z,12.2,25%,-,160º (S ),21.6,5/8,-,-,-,-,-,-,Cloudy
BOJNOURD,23/12/2005,12Z,12.8,34%,-,calm.,,6/8,-,-,-,-,-,-,Cloudy
BOJNOURD,23/12/2005,09Z,10.8,43%,-,calm.,,1/8,-,-,-,-,-,-,Few clouds
BOJNOURD,23/12/2005,06Z,4.8,61%,-,calm.,,1/8,-,-,-,-,-,-,Few clouds
BOJNOURD,23/12/2005,03Z,-0.8,83%,-,calm.,,1/8,-,-,-,-,-,-,Few clouds
BOJNOURD,23/12/2005,00Z,13.4,32%,-,100º (E ),21.6,7/8,-,-,-,-,-,-,Cloudy
BUSHEHR,23/12/2005,21Z,22.8,71%,-,140º (SE),14.4,3/8,-,-,-,-,-,-,Scattered clouds
BUSHEHR,23/12/2005,18Z,23.2,79%,-,150º (SE),28.8,6/8,-,-,-,-,-,-,Cloudy
BUSHEHR,23/12/2005,15Z,23.2,81%,-,150º (SE),18.0,8/8,-,-,-,-,-,-,Overcast
BUSHEHR,23/12/2005,12Z,23.8,75%,-,160º (S ),28.8,7/8,-,-,-,-,-,-,Cloudy
BUSHEHR,23/12/2005,09Z,24.4,67%,-,150º (SE),25.2,6/8,-,-,-,-,-,-,Cloudy
BUSHEHR,23/12/2005,06Z,22.4,58%,-,calm.,,5/8,-,-,-,-,-,-,Cloudy
BUSHEHR,23/12/2005,03Z,17.8,61%,-,090º (E ),14.4,5/8,-,-,-,-,-,-,Cloudy
BUSHEHR,23/12/2005,00Z,22.8,73%,-,150º (SE),21.6,8/8,-,-,-,-,-,-,Overcast
CHAHBAHAR,23/12/2005,21Z,20.0,87%,-,calm.,,0/8,-,-,-,-,-,-,Clear
CHAHBAHAR,23/12/2005,15Z,,0%,-,180º (S ),10.8,0/8,-,-,-,-,-,-,Clear
CHAHBAHAR,23/12/2005,09Z,24.8,66%,-,150º (SE),7.2,1/8,-,-,-,-,-,-,Few clouds
CHAHBAHAR,23/12/2005,03Z,18.6,94%,-,330º (NW),7.2,0/8,-,-,-,-,-,-,Clear
ESFAHAN,23/12/2005,21Z,12.6,41%,-,210º (SW),32.4,7/8,-,-,-,-,-,-,Cloudy
ESFAHAN,23/12/2005,18Z,13.8,36%,-,190º (S ),18.0,2/8,-,-,-,-,-,-,Few clouds
ESFAHAN,23/12/2005,15Z,13.8,36%,-,190º (S ),10.8,7/8,-,-,-,-,-,-,Cloudy
ESFAHAN,23/12/2005,12Z,11.6,54%,-,calm.,,7/8,-,-,-,-,-,-,Cloudy
ESFAHAN,23/12/2005,09Z,10.8,55%,-,calm.,,2/8,-,-,-,-,-,-,Few clouds
ESFAHAN,23/12/2005,06Z,2.8,93%,-,calm.,,5/8,-,-,-,-,-,-,Cloudy
ESFAHAN,23/12/2005,03Z,2.2,86%,-,calm.,,1/8,-,-,-,-,-,-,Few clouds
ESFAHAN,23/12/2005,00Z,2.6,84%,1017.3 Hpa,calm.,,2/8,-,-,CI,-,-,-,"Few clouds, haze"
FASA,23/12/2005,21Z,12.6,45%,-,120º (SE),7.2,3/8,-,-,-,-,-,-,Scattered clouds
FASA,23/12/2005,18Z,12.0,50%,-,calm.,,2/8,-,-,-,-,-,-,Few clouds
FASA,23/12/2005,15Z,16.2,38%,-,calm.,,6/8,-,-,-,-,-,-,Cloudy
FASA,23/12/2005,12Z,20.0,28%,-,210º (SW),18.0,2/8,-,-,-,-,-,-,Few clouds
FASA,23/12/2005,09Z,18.2,32%,-,160º (S ),10.8,0/8,-,-,-,-,-,-,Clear
FASA,23/12/2005,06Z,10.8,58%,-,calm.,,1/8,-,-,-,-,-,-,Few clouds
FASA,23/12/2005,03Z,4.0,78%,-,calm.,,0/8,-,-,-,-,-,-,Clear
FASA,23/12/2005,00Z,8.2,64%,-,calm.,,3/8,-,-,-,-,-,-,Scattered clouds
FERDOUS,23/12/2005,21Z,12.4,26%,-,090º (E ),18.0,2/8,-,-,-,-,-,-,Few clouds
FERDOUS,23/12/2005,18Z,9.8,39%,-,070º (E ),10.8,2/8,-,-,-,-,-,-,Few clouds
FERDOUS,23/12/2005,15Z,12.4,33%,-,050º (NE),10.8,3/8,-,-,-,-,-,-,Scattered clouds
FERDOUS,23/12/2005,12Z,17.0,24%,-,140º (SE),7.2,4/8,-,-,-,-,-,-,Scattered clouds
FERDOUS,23/12/2005,09Z,15.6,30%,-,140º (SE),10.8,3/8,-,-,-,-,-,-,Scattered clouds
FERDOUS,23/12/2005,06Z,9.8,39%,-,calm.,,1/8,-,-,-,-,-,-,Few clouds
FERDOUS,23/12/2005,03Z,3.0,49%,-,calm.,,0/8,-,-,-,-,-,-,Clear
FERDOUS,23/12/2005,00Z,12.4,27%,-,120º (SE),21.6,7/8,-,-,-,-,-,-,Cloudy
GACH SARAN DU GUNBADAN,23/12/2005,21Z,15.8,67%,-,calm.,,8/8,-,-,-,-,-,-,Overcast
GACH SARAN DU GUNBADAN,23/12/2005,18Z,15.8,58%,-,100º (E ),7.2,8/8,-,-,-,-,-,-,Overcast
GACH SARAN DU GUNBADAN,23/12/2005,15Z,17.2,51%,-,calm.,,5/8,-,-,-,-,-,-,Cloudy
GACH SARAN DU GUNBADAN,23/12/2005,12Z,20.0,44%,-,calm.,,8/8,-,-,-,-,-,-,Overcast
GACH SARAN DU GUNBADAN,23/12/2005,09Z,18.0,49%,-,calm.,,8/8,-,-,-,-,-,-,Overcast
GACH SARAN DU GUNBADAN,23/12/2005,06Z,15.6,58%,-,calm.,,7/8,-,-,-,-,-,-,Cloudy
GACH SARAN DU GUNBADAN,23/12/2005,03Z,9.4,84%,-,calm.,,5/8,-,-,-,-,-,-,Cloudy
GACH SARAN DU GUNBADAN,23/12/2005,00Z,15.8,73%,-,100º (E ),18.0,8/8,-,-,-,-,-,-,Overcast
GHARAKHIL,23/12/2005,21Z,7.0,87%,-,calm.,,2/8,-,-,-,-,-,-,Few clouds
GHARAKHIL,23/12/2005,18Z,8.4,94%,-,calm.,,0/8,-,-,-,-,-,-,Clear
GHARAKHIL,23/12/2005,15Z,10.6,89%,-,calm.,,3/8,-,-,-,-,-,-,Scattered clouds
GHARAKHIL,23/12/2005,12Z,13.4,68%,-,calm.,,8/8,-,-,-,-,-,-,Overcast
GHARAKHIL,23/12/2005,09Z,13.2,70%,-,calm.,,4/8,-,-,-,-,-,-,Scattered clouds
GHARAKHIL,23/12/2005,06Z,9.4,89%,-,calm.,,6/8,-,-,-,-,-,-,Cloudy
GHARAKHIL,23/12/2005,03Z,5.2,96%,-,calm.,,0/8,-,-,-,-,-,-,Clear
GHARAKHIL,23/12/2005,00Z,7.0,87%,-,180º (S ),7.2,2/8,-,-,-,-,-,-,Few clouds
GHAZVIN,23/12/2005,21Z,5.8,93%,-,270º (W ),18.0,8/8,-,-,-,-,-,-,Overcast
GHAZVIN,23/12/2005,18Z,6.0,97%,-,150º (SE),21.6,8/8,-,-,-,-,-,-,Overcast
GHAZVIN,23/12/2005,15Z,5.2,100%,-,100º (E ),7.2,8/8,-,-,-,-,-,-,Overcast
GHAZVIN,23/12/2005,12Z,5.4,93%,-,120º (SE),7.2,8/8,-,-,-,-,-,-,Overcast
GHAZVIN,23/12/2005,09Z,6.2,83%,-,calm.,,8/8,-,-,-,-,-,-,Overcast
GHAZVIN,23/12/2005,06Z,6.4,59%,-,110º (E ),14.4,8/8,-,-,-,-,-,-,Overcast
GHAZVIN,23/12/2005,03Z,6.4,46%,-,060º (NE),7.2,7/8,-,-,-,-,-,-,Cloudy
GHAZVIN,23/12/2005,00Z,5.4,97%,-,calm.,,8/8,-,-,-,-,-,-,Overcast
GHUCHAN,23/12/2005,21Z,6.2,41%,-,120º (SE),10.8,4/8,-,-,-,-,-,-,Scattered clouds
GHUCHAN,23/12/2005,18Z,6.8,47%,-,calm.,,0/8,-,-,-,-,-,-,Clear
GHUCHAN,23/12/2005,15Z,7.8,42%,-,calm.,,0/8,-,-,-,-,-,-,Clear
GHUCHAN,23/12/2005,12Z,15.0,26%,-,calm.,,2/8,-,-,-,-,-,-,Few clouds
GHUCHAN,23/12/2005,09Z,14.4,26%,-,calm.,,0/8,-,-,-,-,-,-,Clear
GHUCHAN,23/12/2005,06Z,5.8,53%,-,calm.,,4/8,-,-,-,-,-,-,Scattered clouds
GHUCHAN,23/12/2005,03Z,-0.2,66%,-,calm.,,0/8,-,-,-,-,-,-,Clear
GHUCHAN,23/12/2005,00Z,5.8,48%,-,calm.,,2/8,-,-,-,-,-,-,Few clouds
GORGAN,23/12/2005,21Z,9.4,86%,-,calm.,,8/8,-,-,-,-,-,-,Overcast
GORGAN,23/12/2005,18Z,11.0,77%,-,calm.,,8/8,-,-,-,-,-,-,Overcast
GORGAN,23/12/2005,15Z,12.2,76%,-,calm.,,8/8,-,-,-,-,-,-,Overcast
GORGAN,23/12/2005,12Z,14.6,61%,-,calm.,,6/8,-,-,-,-,-,-,Cloudy
GORGAN,23/12/2005,09Z,14.2,63%,-,calm.,,6/8,-,-,-,-,-,-,Cloudy
GORGAN,23/12/2005,06Z,12.8,69%,-,160º (S ),7.2,3/8,-,-,-,-,-,-,Scattered clouds
GORGAN,23/12/2005,03Z,6.4,87%,-,160º (S ),7.2,6/8,-,-,-,-,-,-,Cloudy
GORGAN,23/12/2005,00Z,9.4,86%,-,240º (SW),21.6,8/8,-,-,-,-,-,-,Overcast
HAMEDAN,23/12/2005,21Z,5.2,91%,-,290º (W ),10.8,8/8,-,-,-,-,-,-,Overcast
HAMEDAN,23/12/2005,18Z,4.2,97%,-,150º (SE),18.0,8/8,-,-,-,-,-,-,Overcast
HAMEDAN,23/12/2005,15Z,5.4,94%,-,090º (E ),7.2,8/8,-,-,-,-,-,-,Overcast
HAMEDAN,23/12/2005,12Z,7.0,87%,-,010º (N),14.4,8/8,-,-,-,-,-,-,Overcast
HAMEDAN,23/12/2005,09Z,6.0,88%,-,360º (N ),18.0,8/8,-,-,-,-,-,-,Overcast
HAMEDAN,23/12/2005,06Z,5.0,88%,-,140º (SE),10.8,8/8,-,-,-,-,-,-,Overcast
HAMEDAN,23/12/2005,03Z,4.4,88%,-,090º (E ),10.8,7/8,-,-,-,-,-,-,Cloudy
HAMEDAN,23/12/2005,00Z,3.8,91%,-,360º (N ),21.6,8/8,-,-,-,-,-,-,Overcast
ILAM,23/12/2005,21Z,6.8,100%,1011.2 Hpa,260º (W ),14.4,8/8,6/8 CB,AC,,-,-,-,"Overcast, thunderstorm, hail"
ILAM,23/12/2005,18Z,9.4,84%,-,210º (SW),28.8,8/8,-,-,-,-,-,-,Overcast
ILAM,23/12/2005,15Z,9.8,87%,-,150º (SE),14.4,8/8,-,-,-,-,-,-,Overcast
ILAM,23/12/2005,12Z,10.4,76%,-,140º (SE),28.8,8/8,-,-,-,-,-,-,Overcast
ILAM,23/12/2005,09Z,10.2,74%,-,130º (SE),14.4,8/8,-,-,-,-,-,-,Overcast
ILAM,23/12/2005,06Z,8.0,87%,-,120º (SE),7.2,8/8,-,-,-,-,-,-,Overcast
ILAM,23/12/2005,03Z,7.4,81%,-,120º (SE),10.8,4/8,-,-,-,-,-,-,Scattered clouds
ILAM,23/12/2005,00Z,5.8,82%,-,290º (W ),14.4,5/8,-,-,-,-,-,-,Cloudy
IRANSHAHR,23/12/2005,21Z,13.8,30%,-,040º (NE),7.2,0/8,-,-,-,-,-,-,Clear
IRANSHAHR,23/12/2005,18Z,16.8,27%,-,Vble.,,0/8,-,-,-,-,-,-,Clear
IRANSHAHR,23/12/2005,15Z,20.4,36%,-,calm.,,0/8,-,-,-,-,-,-,Clear
IRANSHAHR,23/12/2005,12Z,25.4,20%,-,calm.,,1/8,-,-,-,-,-,-,Few clouds
IRANSHAHR,23/12/2005,09Z,24.8,20%,-,calm.,,0/8,-,-,-,-,-,-,Clear
IRANSHAHR,23/12/2005,06Z,19.8,44%,-,080º (E ),7.2,0/8,-,-,-,-,-,-,Clear
IRANSHAHR,23/12/2005,03Z,11.0,23%,-,040º (NE),10.8,3/8,-,-,-,-,-,-,Scattered clouds
IRANSHAHR,23/12/2005,00Z,12.4,37%,-,090º (E ),7.2,0/8,-,-,-,-,-,-,Clear
JASK,23/12/2005,21Z,21.2,85%,-,calm.,,0/8,-,-,-,-,-,-,Clear
JASK,23/12/2005,18Z,23.8,76%,-,080º (E ),18.0,0/8,-,-,-,-,-,-,Clear
JASK,23/12/2005,15Z,23.8,76%,-,140º (SE),14.4,0/8,-,-,-,-,-,-,Clear
JASK,23/12/2005,12Z,24.8,78%,-,140º (SE),14.4,0/8,-,-,-,-,-,-,Clear
JASK,23/12/2005,09Z,25.0,77%,-,100º (E ),10.8,1/8,-,-,-,-,-,-,Few clouds
JASK,23/12/2005,06Z,23.8,81%,-,070º (E ),10.8,1/8,-,-,-,-,-,-,Few clouds
JASK,23/12/2005,00Z,21.8,75%,-,020º (N),10.8,4/8,-,-,-,-,-,-,Scattered clouds
KASHAN,23/12/2005,21Z,7.0,72%,-,calm.,,5/8,-,-,-,-,-,-,Cloudy
KASHAN,23/12/2005,18Z,9.0,69%,-,calm.,,4/8,-,-,-,-,-,-,Scattered clouds
KASHAN,23/12/2005,15Z,10.6,64%,-,calm.,,8/8,-,-,-,-,-,-,Overcast
KASHAN,23/12/2005,12Z,12.4,62%,-,calm.,,8/8,-,-,-,-,-,-,Overcast
KASHAN,23/12/2005,09Z,13.0,75%,-,calm.,,8/8,-,-,-,-,-,-,Overcast
KASHAN,23/12/2005,06Z,9.0,79%,-,calm.,,6/8,-,-,-,-,-,-,Cloudy
KASHAN,23/12/2005,03Z,8.0,76%,-,calm.,,8/8,-,-,-,-,-,-,Overcast
KASHAN,23/12/2005,00Z,6.2,82%,-,calm.,,8/8,-,-,-,-,-,-,Overcast
KASHMAR,23/12/2005,21Z,9.0,35%,-,calm.,,2/8,-,-,-,-,-,-,Few clouds
KASHMAR,23/12/2005,18Z,9.2,36%,-,calm.,,1/8,-,-,-,-,-,-,Few clouds
KASHMAR,23/12/2005,15Z,9.4,38%,-,calm.,,0/8,-,-,-,-,-,-,Clear
KASHMAR,23/12/2005,12Z,15.4,26%,-,calm.,,2/8,-,-,-,-,-,-,Few clouds
KASHMAR,23/12/2005,09Z,13.6,27%,-,calm.,,5/8,-,-,-,-,-,-,Cloudy
KASHMAR,23/12/2005,06Z,10.2,42%,-,calm.,,6/8,-,-,-,-,-,-,Cloudy
KASHMAR,23/12/2005,03Z,,0%,-,calm.,,2/8,-,-,-,-,-,-,Few clouds
KASHMAR,23/12/2005,00Z,10.6,33%,-,090º (E ),7.2,6/8,-,-,-,-,-,-,Cloudy
KERMAN,23/12/2005,21Z,7.0,45%,-,calm.,,2/8,-,-,-,-,-,-,Few clouds
KERMAN,23/12/2005,18Z,10.0,38%,-,120º (SE),7.2,5/8,-,-,-,-,-,-,Cloudy
KERMAN,23/12/2005,15Z,14.0,26%,-,calm.,,4/8,-,-,-,-,-,-,Scattered clouds
KERMAN,23/12/2005,12Z,19.6,19%,-,240º (SW),10.8,0/8,-,-,-,-,-,-,Clear
KERMAN,23/12/2005,09Z,18.0,26%,-,calm.,,2/8,-,-,-,-,-,-,Few clouds
KERMAN,23/12/2005,06Z,8.2,20%,-,calm.,,2/8,-,-,-,-,-,-,Few clouds
KERMAN,23/12/2005,03Z,-2.4,54%,-,calm.,,0/8,-,-,-,-,-,-,Clear
KERMAN,23/12/2005,00Z,0.0,49%,1017.8 Hpa,calm.,,1/8,-,-,CI,-,-,-,Few clouds
KERMANSHAH,23/12/2005,21Z,10.2,76%,-,280º (W ),21.6,8/8,-,-,-,-,-,-,Overcast
KERMANSHAH,23/12/2005,18Z,9.4,82%,-,270º (W ),18.0,8/8,-,-,-,-,-,-,Overcast
KERMANSHAH,23/12/2005,15Z,8.6,94%,-,360º (N ),7.2,8/8,-,-,-,-,-,-,Overcast
KERMANSHAH,23/12/2005,12Z,8.4,94%,1011.4 Hpa,100º (E ),10.8,8/8,6/8 CB,AC,,11.0(6h),-,-,"Overcast, rain"
KERMANSHAH,23/12/2005,09Z,9.6,78%,-,100º (E ),18.0,8/8,-,-,-,-,-,-,Overcast
KERMANSHAH,23/12/2005,06Z,8.6,81%,-,100º (E ),10.8,8/8,-,-,-,-,-,-,Overcast
KERMANSHAH,23/12/2005,03Z,7.4,87%,-,120º (SE),21.6,8/8,-,-,-,-,-,-,Overcast
KERMANSHAH,23/12/2005,00Z,6.3,90%,1017.2 Hpa,160º (S ),21.6,8/8,4/8 CB,AC,,1.0(6h),-,-,"Overcast, rain"
KHOR,23/12/2005,21Z,11.2,29%,-,calm.,,8/8,-,-,-,-,-,-,Overcast
KHOR,23/12/2005,18Z,12.4,32%,-,calm.,,8/8,-,-,-,-,-,-,Overcast
KHOR,23/12/2005,15Z,13.0,29%,-,calm.,,8/8,-,-,-,-,-,-,Overcast
KHOR,23/12/2005,12Z,16.6,20%,-,calm.,,7/8,-,-,-,-,-,-,Cloudy
KHOR,23/12/2005,09Z,16.0,23%,-,calm.,,5/8,-,-,-,-,-,-,Cloudy
KHOR,23/12/2005,06Z,11.2,35%,-,calm.,,2/8,-,-,-,-,-,-,Few clouds
KHOR,23/12/2005,03Z,5.0,47%,-,calm.,,6/8,-,-,-,-,-,-,Cloudy
KHOR,23/12/2005,00Z,10.6,28%,-,calm.,,8/8,-,-,-,-,-,-,Overcast
KHORRAM ABAD,23/12/2005,21Z,11.8,70%,-,270º (W ),7.2,8/8,-,-,-,-,-,-,Overcast
KHORRAM ABAD,23/12/2005,18Z,11.6,72%,-,270º (W ),25.2,8/8,-,-,-,-,-,-,Overcast
KHORRAM ABAD,23/12/2005,15Z,9.4,92%,-,300º (NW),14.4,8/8,-,-,-,-,-,-,Overcast
KHORRAM ABAD,23/12/2005,12Z,10.2,87%,-,calm.,,8/8,-,-,-,-,-,-,Overcast
KHORRAM ABAD,23/12/2005,09Z,9.4,84%,-,calm.,,8/8,-,-,-,-,-,-,Overcast
KHORRAM ABAD,23/12/2005,06Z,7.4,92%,-,270º (W ),18.0,8/8,-,-,-,-,-,-,Overcast
KHORRAM ABAD,23/12/2005,03Z,7.0,88%,-,100º (E ),10.8,7/8,-,-,-,-,-,-,Cloudy
KHORRAM ABAD,23/12/2005,00Z,10.8,83%,-,270º (W ),21.6,8/8,-,-,-,-,-,-,Overcast
KHOY,23/12/2005,21Z,2.6,86%,-,calm.,,3/8,-,-,-,-,-,-,Scattered clouds
KHOY,23/12/2005,18Z,4.0,78%,-,calm.,,8/8,-,-,-,-,-,-,Overcast
KHOY,23/12/2005,15Z,4.2,78%,-,calm.,,8/8,-,-,-,-,-,-,Overcast
KHOY,23/12/2005,12Z,5.2,71%,-,200º (S ),18.0,8/8,-,-,-,-,-,-,Overcast
KHOY,23/12/2005,09Z,6.4,61%,-,180º (S ),21.6,8/8,-,-,-,-,-,-,Overcast
KHOY,23/12/2005,06Z,0.8,82%,-,calm.,,8/8,-,-,-,-,-,-,Overcast
KHOY,23/12/2005,03Z,0.4,81%,-,calm.,,7/8,-,-,-,-,-,-,Cloudy
KISH ISLAND,23/12/2005,21Z,20.8,90%,-,090º (E ),7.2,5/8,-,-,-,-,-,-,Cloudy
KISH ISLAND,23/12/2005,18Z,21.2,87%,-,110º (E ),7.2,5/8,-,-,-,-,-,-,Cloudy
KISH ISLAND,23/12/2005,15Z,23.0,81%,-,calm.,,5/8,-,-,-,-,-,-,Cloudy
KISH ISLAND,23/12/2005,12Z,25.4,68%,-,240º (SW),7.2,2/8,-,-,-,-,-,-,Few clouds
KISH ISLAND,23/12/2005,09Z,25.0,71%,-,060º (NE),10.8,4/8,-,-,-,-,-,-,Scattered clouds
KISH ISLAND,23/12/2005,06Z,23.6,79%,-,050º (NE),7.2,3/8,-,-,-,-,-,-,Scattered clouds
KISH ISLAND,23/12/2005,00Z,20.6,90%,-,090º (E ),7.2,4/8,-,-,-,-,-,-,Scattered clouds
KONARAK,23/12/2005,21Z,16.8,81%,-,calm.,,0/8,-,-,-,-,-,-,Clear
KONARAK,23/12/2005,15Z,21.8,75%,-,220º (SW),10.8,0/8,-,-,-,-,-,-,Clear
KONARAK,23/12/2005,12Z,26.0,51%,-,190º (S ),21.6,0/8,-,-,-,-,-,-,Clear
KONARAK,23/12/2005,09Z,27.4,51%,-,160º (S ),10.8,1/8,1/8 SC,-,-,-,-,-,"Few clouds, haze"
KONARAK,23/12/2005,06Z,23.0,68%,-,calm.,,0/8,-,-,-,-,-,-,Clear
KONARAK,23/12/2005,03Z,13.8,84%,-,calm.,,0/8,-,-,-,-,-,-,Clear
KONARAK,23/12/2005,00Z,15.2,82%,-,calm.,,0/8,-,-,-,-,-,-,Clear
MAKKO,23/12/2005,21Z,1.0,93%,-,calm.,,8/8,-,-,-,-,-,-,Overcast
MAKKO,23/12/2005,18Z,1.2,93%,-,calm.,,8/8,-,-,-,-,-,-,Overcast
MAKKO,23/12/2005,15Z,1.0,96%,-,calm.,,8/8,-,-,-,-,-,-,Overcast
MAKKO,23/12/2005,12Z,3.0,65%,-,110º (E ),21.6,8/8,-,-,-,-,-,-,Overcast
MAKKO,23/12/2005,09Z,3.4,63%,-,calm.,,8/8,-,-,-,-,-,-,Overcast
MAKKO,23/12/2005,06Z,-0.4,77%,-,calm.,,8/8,-,-,-,-,-,-,Overcast
MAKKO,23/12/2005,03Z,-0.8,73%,-,calm.,,6/8,-,-,-,-,-,-,Cloudy
MAKKO,23/12/2005,00Z,0.8,89%,-,calm.,,8/8,-,-,-,-,-,-,Overcast
MARAGHEH,23/12/2005,21Z,2.2,96%,-,calm.,,8/8,-,-,-,-,-,-,Overcast
MARAGHEH,23/12/2005,18Z,2.4,96%,-,310º (NW),18.0,8/8,-,-,-,-,-,-,Overcast
MARAGHEH,23/12/2005,15Z,4.6,88%,-,090º (E ),7.2,8/8,-,-,-,-,-,-,Overcast
MARAGHEH,23/12/2005,12Z,4.4,88%,-,080º (E ),21.6,8/8,-,-,-,-,-,-,Overcast
MARAGHEH,23/12/2005,09Z,3.4,87%,-,080º (E ),14.4,8/8,-,-,-,-,-,-,Overcast
MARAGHEH,23/12/2005,06Z,1.8,93%,-,080º (E ),18.0,8/8,-,-,-,-,-,-,Overcast
MARAGHEH,23/12/2005,03Z,1.0,69%,-,100º (E ),14.4,5/8,-,-,-,-,-,-,Cloudy
MARAGHEH,23/12/2005,00Z,2.4,96%,-,090º (E ),7.2,7/8,-,-,-,-,-,-,Cloudy
MASHHAD,23/12/2005,21Z,5.4,57%,-,calm.,,2/8,-,-,-,-,-,-,Few clouds
MASHHAD,23/12/2005,18Z,6.4,56%,-,calm.,,1/8,-,-,-,-,-,-,Few clouds
MASHHAD,23/12/2005,15Z,9.2,40%,-,200º (S ),7.2,2/8,-,-,-,-,-,-,Few clouds
MASHHAD,23/12/2005,12Z,14.0,28%,-,calm.,,6/8,-,-,-,-,-,-,Cloudy
MASHHAD,23/12/2005,09Z,13.4,30%,-,330º (NW),7.2,1/8,-,-,-,-,-,-,Few clouds
MASHHAD,23/12/2005,06Z,8.0,46%,-,calm.,,2/8,-,-,-,-,-,-,Few clouds
MASHHAD,23/12/2005,03Z,3.0,53%,-,calm.,,1/8,-,-,-,-,-,-,Few clouds
MASHHAD,23/12/2005,00Z,0.8,72%,1020.4 Hpa,calm.,,0/8,-,-,-,-,-,-,Clear
MASJED-SOLEYMAN,23/12/2005,21Z,14.4,93%,-,120º (SE),18.0,8/8,-,-,-,-,-,-,Overcast
MASJED-SOLEYMAN,23/12/2005,18Z,17.4,64%,-,150º (SE),25.2,8/8,-,-,-,-,-,-,Overcast
MASJED-SOLEYMAN,23/12/2005,15Z,16.4,71%,-,090º (E ),21.6,8/8,-,-,-,-,-,-,Overcast
MASJED-SOLEYMAN,23/12/2005,12Z,15.2,85%,-,090º (E ),21.6,8/8,-,-,-,-,-,-,Overcast
MASJED-SOLEYMAN,23/12/2005,09Z,17.2,68%,-,calm.,,8/8,-,-,-,-,-,-,Overcast
MASJED-SOLEYMAN,23/12/2005,06Z,18.0,52%,-,210º (SW),7.2,8/8,-,-,-,-,-,-,Overcast
MASJED-SOLEYMAN,23/12/2005,03Z,17.6,54%,-,calm.,,7/8,-,-,-,-,-,-,Cloudy
MASJED-SOLEYMAN,23/12/2005,00Z,16.4,66%,-,130º (SE),28.8,8/8,-,-,-,-,-,-,Overcast
MOHABAD,23/12/2005,21Z,2.4,93%,-,calm.,,5/8,-,-,-,-,-,-,Cloudy
MOHABAD,23/12/2005,18Z,2.0,93%,-,calm.,,8/8,-,-,-,-,-,-,Overcast
MOHABAD,23/12/2005,15Z,3.4,93%,-,calm.,,8/8,-,-,-,-,-,-,Overcast
MOHABAD,23/12/2005,12Z,4.2,89%,-,calm.,,8/8,-,-,-,-,-,-,Overcast
MOHABAD,23/12/2005,09Z,3.2,90%,-,PP0º (),-,I/8,-,-,-,-,-,-,-
MOHABAD,23/12/2005,06Z,3.2,95%,-,calm.,,8/8,-,-,-,-,-,-,Overcast
MOHABAD,23/12/2005,03Z,3.0,68%,-,calm.,,8/8,-,-,-,-,-,-,Overcast
MOHABAD,23/12/2005,00Z,4.8,56%,-,180º (S ),18.0,2/8,-,-,-,-,-,-,Few clouds
NEHBANDAN,23/12/2005,15Z,11.6,35%,-,calm.,,0/8,-,-,-,-,-,-,Clear
NEHBANDAN,23/12/2005,12Z,16.4,25%,-,130º (SE),14.4,3/8,-,-,-,-,-,-,Scattered clouds
NEHBANDAN,23/12/2005,09Z,17.2,21%,-,180º (S ),18.0,1/8,-,-,-,-,-,-,Few clouds
NEHBANDAN,23/12/2005,06Z,10.0,35%,-,calm.,,0/8,-,-,-,-,-,-,Clear
NEHBANDAN,23/12/2005,03Z,1.0,66%,-,calm.,,0/8,-,-,-,-,-,-,Clear
NOSHAHR,23/12/2005,21Z,10.0,94%,-,280º (W ),7.2,7/8,-,-,-,-,-,-,Cloudy
NOSHAHR,23/12/2005,18Z,10.2,97%,-,calm.,,5/8,-,-,-,-,-,-,Cloudy
NOSHAHR,23/12/2005,15Z,11.6,92%,-,calm.,,6/8,-,-,-,-,-,-,Cloudy
NOSHAHR,23/12/2005,12Z,13.2,85%,-,360º (N ),3.6,8/8,-,-,-,-,-,-,Overcast
NOSHAHR,23/12/2005,09Z,14.0,84%,-,340º (N ),7.2,7/8,-,-,-,-,-,-,Cloudy
NOSHAHR,23/12/2005,06Z,12.4,88%,-,calm.,,5/8,-,-,-,-,-,-,Cloudy
NOSHAHR,23/12/2005,03Z,11.4,89%,-,calm.,,8/8,-,-,-,-,-,-,Overcast
NOSHAHR,23/12/2005,00Z,11.6,92%,-,310º (NW),10.8,8/8,-,-,-,-,-,-,Overcast
OMIDYEH-AGHAJARI,23/12/2005,21Z,19.6,63%,-,110º (E ),28.8,7/8,-,-,-,-,-,-,Cloudy
OMIDYEH-AGHAJARI,23/12/2005,18Z,21.2,55%,-,calm.,,8/8,-,-,-,-,-,-,Overcast
OMIDYEH-AGHAJARI,23/12/2005,15Z,21.2,52%,-,calm.,,8/8,-,-,-,-,-,-,Overcast
OMIDYEH-AGHAJARI,23/12/2005,12Z,23.0,44%,-,120º (SE),21.6,7/8,-,-,-,-,-,-,Cloudy
OMIDYEH-AGHAJARI,23/12/2005,09Z,23.6,37%,-,120º (SE),25.2,7/8,-,-,-,-,-,-,Cloudy
OMIDYEH-AGHAJARI,23/12/2005,06Z,17.6,64%,-,150º (SE),18.0,7/8,-,-,-,-,-,-,Cloudy
OMIDYEH-AGHAJARI,23/12/2005,03Z,15.6,72%,-,160º (S ),21.6,6/8,-,-,-,-,-,-,Cloudy
OMIDYEH-AGHAJARI,23/12/2005,00Z,16.6,89%,-,030º (NE),21.6,8/8,-,-,-,-,-,-,Overcast
ORUMIEH,23/12/2005,21Z,-0.6,95%,-,calm.,,8/8,-,-,-,-,-,-,Overcast
ORUMIEH,23/12/2005,18Z,0.4,96%,-,calm.,,8/8,-,-,-,-,-,-,Overcast
ORUMIEH,23/12/2005,15Z,0.4,96%,-,calm.,,8/8,-,-,-,-,-,-,Overcast
ORUMIEH,23/12/2005,12Z,2.0,93%,-,310º (NW),7.2,8/8,-,-,-,-,-,-,Overcast
ORUMIEH,23/12/2005,09Z,2.0,93%,-,300º (NW),7.2,8/8,-,-,-,-,-,-,Overcast
ORUMIEH,23/12/2005,06Z,2.0,66%,-,210º (SW),7.2,8/8,-,-,-,-,-,-,Overcast
ORUMIEH,23/12/2005,03Z,-1.6,82%,-,270º (W ),7.2,6/8,-,-,-,-,-,-,Cloudy
ORUMIEH,23/12/2005,00Z,-0.8,94%,-,calm.,,7/8,-,-,-,-,-,-,Cloudy
PARS ABAD MOGHAN,23/12/2005,21Z,5.0,93%,-,calm.,,8/8,-,-,-,-,-,-,Overcast
PARS ABAD MOGHAN,23/12/2005,15Z,5.6,90%,-,calm.,,8/8,-,-,-,-,-,-,Overcast
PARS ABAD MOGHAN,23/12/2005,12Z,6.6,79%,-,calm.,,8/8,-,-,-,-,-,-,Overcast
PARS ABAD MOGHAN,23/12/2005,09Z,5.6,87%,-,calm.,,8/8,-,-,-,-,-,-,Overcast
PARS ABAD MOGHAN,23/12/2005,06Z,3.6,89%,-,calm.,,8/8,-,-,-,-,-,-,Overcast
PARS ABAD MOGHAN,23/12/2005,03Z,1.2,92%,-,calm.,,0/8,-,-,-,-,-,-,Clear
PARS ABAD MOGHAN,23/12/2005,00Z,5.0,93%,-,calm.,,8/8,-,-,-,-,-,-,Overcast
RAMSAR,23/12/2005,21Z,10.8,94%,-,310º (NW),10.8,8/8,-,-,-,-,-,-,Overcast
RAMSAR,23/12/2005,18Z,11.3,93%,-,calm.,,8/8,-,-,-,-,-,-,Overcast
RAMSAR,23/12/2005,15Z,11.8,90%,-,calm.,,8/8,-,-,-,-,-,-,Overcast
RAMSAR,23/12/2005,12Z,12.4,85%,-,calm.,,8/8,-,-,-,-,-,-,Overcast
RAMSAR,23/12/2005,09Z,12.6,83%,-,340º (N ),10.8,8/8,-,-,-,-,-,-,Overcast
RAMSAR,23/12/2005,06Z,12.0,88%,-,calm.,,8/8,-,-,-,-,-,-,Overcast
RAMSAR,23/12/2005,03Z,10.2,86%,-,calm.,,8/8,-,-,-,-,-,-,Overcast
RAMSAR,23/12/2005,00Z,11.2,85%,1019.6 Hpa,300º (NW),7.2,8/8,5/8 CB,AC,,-,-,-,Overcast
SABZEVAR,23/12/2005,21Z,5.2,59%,-,060º (NE),10.8,5/8,-,-,-,-,-,-,Cloudy
SABZEVAR,23/12/2005,18Z,6.4,50%,-,060º (NE),10.8,6/8,-,-,-,-,-,-,Cloudy
SABZEVAR,23/12/2005,15Z,7.4,49%,-,030º (NE),10.8,4/8,-,-,-,-,-,-,Scattered clouds
SABZEVAR,23/12/2005,12Z,15.2,30%,-,360º (N ),7.2,4/8,-,-,-,-,-,-,Scattered clouds
SABZEVAR,23/12/2005,09Z,13.0,28%,-,080º (E ),10.8,5/8,-,-,-,-,-,-,Cloudy
SABZEVAR,23/12/2005,06Z,6.6,50%,-,090º (E ),18.0,6/8,-,-,-,-,-,-,Cloudy
SABZEVAR,23/12/2005,03Z,3.0,51%,-,060º (NE),18.0,3/8,-,-,-,-,-,-,Scattered clouds
SAFI-ABAD DEZFUL,23/12/2005,21Z,15.4,91%,-,100º (E ),25.2,8/8,-,-,-,-,-,-,Overcast
SAFI-ABAD DEZFUL,23/12/2005,18Z,16.4,75%,-,020º (N),7.2,8/8,-,-,-,-,-,-,Overcast
SAFI-ABAD DEZFUL,23/12/2005,15Z,16.6,81%,-,060º (NE),18.0,8/8,-,-,-,-,-,-,Overcast
SAFI-ABAD DEZFUL,23/12/2005,12Z,16.0,87%,-,120º (SE),36.0,8/8,-,-,-,-,-,-,Overcast
SAFI-ABAD DEZFUL,23/12/2005,09Z,18.8,64%,-,090º (E ),21.6,8/8,-,-,-,-,-,-,Overcast
SAFI-ABAD DEZFUL,23/12/2005,06Z,16.0,79%,-,calm.,,8/8,-,-,-,-,-,-,Overcast
SAFI-ABAD DEZFUL,23/12/2005,03Z,15.2,80%,-,calm.,,7/8,-,-,-,-,-,-,Cloudy
SAGHEZ,23/12/2005,21Z,3.4,100%,-,180º (S ),7.2,8/8,-,-,-,-,-,-,Overcast
SAGHEZ,23/12/2005,18Z,4.4,97%,-,130º (SE),18.0,8/8,-,-,-,-,-,-,Overcast
SAGHEZ,23/12/2005,15Z,5.6,94%,-,calm.,,8/8,-,-,-,-,-,-,Overcast
SAGHEZ,23/12/2005,12Z,6.0,88%,-,180º (S ),14.4,8/8,-,-,-,-,-,-,Overcast
SAGHEZ,23/12/2005,09Z,8.8,70%,-,180º (S ),18.0,7/8,-,-,-,-,-,-,Cloudy
SAGHEZ,23/12/2005,06Z,1.4,89%,-,calm.,,8/8,-,-,-,-,-,-,Overcast
SAGHEZ,23/12/2005,03Z,-0.6,88%,-,calm.,,6/8,-,-,-,-,-,-,Cloudy
SAGHEZ,23/12/2005,00Z,3.4,64%,-,calm.,,8/8,-,-,-,-,-,-,Overcast
SANANDAJ,23/12/2005,21Z,5.4,91%,-,360º (N ),10.8,8/8,-,-,-,-,-,-,Overcast
SANANDAJ,23/12/2005,18Z,5.8,91%,-,310º (NW),3.6,8/8,-,-,-,-,-,-,Overcast
SANANDAJ,23/12/2005,15Z,8.4,81%,-,220º (SW),14.4,8/8,-,-,-,-,-,-,Overcast
SANANDAJ,23/12/2005,12Z,7.4,88%,-,220º (SW),7.2,8/8,-,-,-,-,-,-,Overcast
SANANDAJ,23/12/2005,09Z,6.8,94%,-,220º (SW),7.2,8/8,-,-,-,-,-,-,Overcast
SANANDAJ,23/12/2005,06Z,4.8,92%,-,260º (W ),3.6,8/8,-,-,-,-,-,-,Overcast
SANANDAJ,23/12/2005,03Z,4.6,91%,-,020º (N),7.2,7/8,-,-,-,-,-,-,Cloudy
SANANDAJ,23/12/2005,00Z,5.0,88%,-,070º (E ),3.6,5/8,-,-,-,-,-,-,Cloudy
SARAB,23/12/2005,21Z,3.2,93%,-,080º (E ),10.8,8/8,-,-,-,-,-,-,Overcast
SARAB,23/12/2005,18Z,3.0,93%,-,calm.,,8/8,-,-,-,-,-,-,Overcast
SARAB,23/12/2005,15Z,2.6,93%,-,calm.,,7/8,-,-,-,-,-,-,Cloudy
SARAB,23/12/2005,12Z,5.6,72%,-,calm.,,8/8,-,-,-,-,-,-,Overcast
SARAB,23/12/2005,09Z,4.4,68%,-,100º (E ),10.8,8/8,-,-,-,-,-,-,Overcast
SARAB,23/12/2005,06Z,0.2,65%,-,340º (N ),7.2,8/8,-,-,-,-,-,-,Overcast
SARAB,23/12/2005,03Z,-0.4,58%,-,350º (N ),7.2,6/8,-,-,-,-,-,-,Cloudy
SARAB,23/12/2005,00Z,0.6,96%,-,240º (SW),14.4,8/8,-,-,-,-,-,-,Overcast
SARAKHS,23/12/2005,21Z,3.6,80%,-,calm.,,0/8,-,-,-,-,-,-,Clear
SARAKHS,23/12/2005,18Z,5.0,80%,-,calm.,,0/8,-,-,-,-,-,-,Clear
SARAKHS,23/12/2005,15Z,8.4,75%,-,calm.,,0/8,-,-,-,-,-,-,Clear
SARAKHS,23/12/2005,12Z,12.6,59%,-,calm.,,0/8,-,-,-,-,-,-,Clear
SARAKHS,23/12/2005,09Z,10.4,72%,-,calm.,,3/8,-,-,-,-,-,-,Scattered clouds
SARAKHS,23/12/2005,06Z,6.4,85%,-,calm.,,1/8,-,-,-,-,-,-,Few clouds
SARAKHS,23/12/2005,03Z,2.2,93%,-,calm.,,1/8,-,-,-,-,-,-,Few clouds
SARAKHS,23/12/2005,00Z,11.6,38%,-,180º (S ),7.2,6/8,-,-,-,-,-,-,Cloudy
SARAVAN,23/12/2005,21Z,6.4,28%,-,330º (NW),7.2,0/8,-,-,-,-,-,-,Clear
SARAVAN,23/12/2005,18Z,9.0,49%,-,calm.,,0/8,-,-,-,-,-,-,Clear
SARAVAN,23/12/2005,15Z,14.6,32%,-,calm.,,0/8,-,-,-,-,-,-,Clear
SARAVAN,23/12/2005,12Z,20.4,18%,-,calm.,,1/8,-,-,-,-,-,-,Few clouds
SARAVAN,23/12/2005,09Z,19.0,19%,-,190º (S ),7.2,0/8,-,-,-,-,-,-,Clear
SARAVAN,23/12/2005,06Z,13.4,26%,-,calm.,,0/8,-,-,-,-,-,-,Clear
SARAVAN,23/12/2005,03Z,2.4,38%,-,calm.,,4/8,-,-,-,-,-,-,Scattered clouds
SARAVAN,23/12/2005,00Z,3.0,31%,-,calm.,,0/8,-,-,-,-,-,-,Clear
SEMNAN,23/12/2005,21Z,10.2,76%,-,300º (NW),18.0,8/8,-,-,-,-,-,-,Overcast
SEMNAN,23/12/2005,18Z,9.0,80%,-,calm.,,8/8,-,-,-,-,-,-,Overcast
SEMNAN,23/12/2005,15Z,9.2,77%,-,300º (NW),7.2,8/8,-,-,-,-,-,-,Overcast
SEMNAN,23/12/2005,12Z,12.6,39%,-,calm.,,8/8,-,-,-,-,-,-,Overcast
SEMNAN,23/12/2005,09Z,13.0,36%,-,120º (SE),10.8,3/8,-,-,-,-,-,-,Scattered clouds
SEMNAN,23/12/2005,06Z,10.6,43%,-,calm.,,2/8,-,-,-,-,-,-,Few clouds
SEMNAN,23/12/2005,03Z,5.2,62%,-,calm.,,6/8,-,-,-,-,-,-,Cloudy
SEMNAN,23/12/2005,00Z,11.2,63%,-,320º (NW),21.6,8/8,-,-,-,-,-,-,Overcast
SHAHRE-KORD,23/12/2005,21Z,3.8,91%,-,180º (S ),14.4,8/8,-,-,-,-,-,-,Overcast
SHAHRE-KORD,23/12/2005,18Z,5.0,83%,-,190º (S ),18.0,8/8,-,-,-,-,-,-,Overcast
SHAHRE-KORD,23/12/2005,15Z,5.6,75%,-,190º (S ),10.8,8/8,-,-,-,-,-,-,Overcast
SHAHRE-KORD,23/12/2005,12Z,6.2,73%,-,180º (S ),14.4,8/8,-,-,-,-,-,-,Overcast
SHAHRE-KORD,23/12/2005,09Z,8.4,57%,-,220º (SW),25.2,8/8,-,-,-,-,-,-,Overcast
SHAHRE-KORD,23/12/2005,06Z,9.0,58%,-,calm.,,4/8,-,-,-,-,-,-,Scattered clouds
SHAHRE-KORD,23/12/2005,03Z,5.4,67%,-,210º (SW),18.0,6/8,-,-,-,-,-,-,Cloudy
SHAHRE-KORD,23/12/2005,00Z,3.8,88%,-,190º (S ),21.6,8/8,-,-,-,-,-,-,Overcast
SHAHRUD,23/12/2005,21Z,7.0,75%,-,120º (SE),7.2,8/8,-,-,-,-,-,-,Overcast
SHAHRUD,23/12/2005,18Z,7.8,74%,-,calm.,,8/8,-,-,-,-,-,-,Overcast
SHAHRUD,23/12/2005,15Z,9.6,48%,-,calm.,,8/8,-,-,-,-,-,-,Overcast
SHAHRUD,23/12/2005,12Z,9.8,40%,-,280º (W ),10.8,5/8,-,-,-,-,-,-,Cloudy
SHAHRUD,23/12/2005,09Z,9.6,35%,-,calm.,,7/8,-,-,-,-,-,-,Cloudy
SHAHRUD,23/12/2005,06Z,8.6,44%,-,calm.,,0/8,-,-,-,-,-,-,Clear
SHAHRUD,23/12/2005,03Z,2.6,61%,-,330º (NW),7.2,5/8,-,-,-,-,-,-,Cloudy
SHAHRUD,23/12/2005,00Z,7.8,69%,-,calm.,,7/8,-,-,-,-,-,-,Cloudy
SHIRAZ,23/12/2005,21Z,12.0,55%,-,240º (SW),14.4,6/8,-,-,-,-,-,-,Cloudy
SHIRAZ,23/12/2005,18Z,9.6,69%,-,calm.,,6/8,-,-,-,-,-,-,Cloudy
SHIRAZ,23/12/2005,15Z,13.8,46%,-,calm.,,6/8,-,-,-,-,-,-,Cloudy
SHIRAZ,23/12/2005,12Z,17.8,37%,-,090º (E ),7.2,4/8,-,-,-,-,-,-,Scattered clouds
SHIRAZ,23/12/2005,09Z,15.8,43%,-,120º (SE),7.2,3/8,-,-,-,-,-,-,Scattered clouds
SHIRAZ,23/12/2005,06Z,10.0,69%,-,calm.,,0/8,-,-,-,-,-,-,Clear
SHIRAZ,23/12/2005,03Z,3.0,91%,-,calm.,,0/8,-,-,-,-,-,-,Clear
SHIRAZ,23/12/2005,00Z,5.0,76%,1017.0 Hpa,calm.,,0/8,-,-,-,-,-,-,Clear
SIRI ISLAND,23/12/2005,15Z,24.0,83%,-,250º (W ),10.8,5/8,-,-,-,-,-,-,Cloudy
SIRI ISLAND,23/12/2005,12Z,26.0,68%,-,200º (S ),10.8,2/8,-,-,-,-,-,-,Few clouds
SIRI ISLAND,23/12/2005,09Z,26.2,67%,-,130º (SE),10.8,2/8,-,-,-,-,-,-,Few clouds
SIRI ISLAND,23/12/2005,06Z,24.6,77%,-,130º (SE),7.2,3/8,-,-,-,-,-,-,Scattered clouds
SIRJAN,23/12/2005,21Z,12.6,37%,-,calm.,,3/8,-,-,-,-,-,-,Scattered clouds
SIRJAN,23/12/2005,18Z,13.4,34%,-,calm.,,5/8,-,-,-,-,-,-,Cloudy
SIRJAN,23/12/2005,15Z,14.6,33%,-,calm.,,7/8,-,-,-,-,-,-,Cloudy
SIRJAN,23/12/2005,12Z,17.8,24%,-,calm.,,6/8,-,-,-,-,-,-,Cloudy
SIRJAN,23/12/2005,09Z,17.2,27%,-,calm.,,1/8,-,-,-,-,-,-,Few clouds
SIRJAN,23/12/2005,06Z,11.8,32%,-,calm.,,2/8,-,-,-,-,-,-,Few clouds
SIRJAN,23/12/2005,03Z,2.0,54%,-,calm.,,0/8,-,-,-,-,-,-,Clear
SIRJAN,23/12/2005,00Z,9.6,47%,-,140º (SE),14.4,2/8,-,-,-,-,-,-,Few clouds
TABAS,23/12/2005,21Z,11.4,33%,-,calm.,,3/8,-,-,-,-,-,-,Scattered clouds
TABAS,23/12/2005,18Z,11.8,26%,-,040º (NE),10.8,5/8,-,-,-,-,-,-,Cloudy
TABAS,23/12/2005,15Z,12.6,30%,-,calm.,,5/8,-,-,-,-,-,-,Cloudy
TABAS,23/12/2005,12Z,16.4,25%,-,calm.,,5/8,-,-,-,-,-,-,Cloudy
TABAS,23/12/2005,09Z,14.2,32%,-,calm.,,4/8,-,-,-,-,-,-,Scattered clouds
TABAS,23/12/2005,06Z,10.8,35%,-,calm.,,1/8,-,-,-,-,-,-,Few clouds
TABAS,23/12/2005,03Z,5.2,54%,-,calm.,,1/8,-,-,-,-,-,-,Few clouds
TABAS,23/12/2005,00Z,12.2,31%,-,040º (NE),10.8,4/8,-,-,-,-,-,-,Scattered clouds
TABRIZ,23/12/2005,21Z,1.0,93%,-,calm.,,7/8,-,-,-,-,-,-,Cloudy
TABRIZ,23/12/2005,18Z,2.2,93%,-,calm.,,8/8,-,-,-,-,-,-,Overcast
TABRIZ,23/12/2005,15Z,2.4,93%,-,calm.,,8/8,-,-,-,-,-,-,Overcast
TABRIZ,23/12/2005,12Z,2.6,91%,-,020º (N),7.2,8/8,-,-,-,-,-,-,Overcast
TABRIZ,23/12/2005,09Z,1.2,89%,-,070º (E ),7.2,8/8,-,-,-,-,-,-,Overcast
TABRIZ,23/12/2005,06Z,3.6,61%,-,150º (SE),7.2,8/8,-,-,-,-,-,-,Overcast
TABRIZ,23/12/2005,03Z,0.0,67%,-,060º (NE),7.2,7/8,-,-,-,-,-,-,Cloudy
TABRIZ,23/12/2005,00Z,1.4,63%,1017.3 Hpa,120º (SE),7.2,4/8,1/8 SC,AC,CI,-,-,-,Scattered clouds
TEHRAN-MEHRABAD,23/12/2005,21Z,10.2,69%,-,020º (N),7.2,7/8,-,-,-,-,-,-,Cloudy
TEHRAN-MEHRABAD,23/12/2005,15Z,8.6,84%,-,040º (NE),14.4,8/8,-,-,-,-,-,-,Overcast
TEHRAN-MEHRABAD,23/12/2005,12Z,9.0,79%,-,060º (NE),18.0,8/8,-,-,-,-,-,-,Overcast
TEHRAN-MEHRABAD,23/12/2005,09Z,8.0,74%,-,calm.,,8/8,-,-,-,-,-,-,Overcast
TEHRAN-MEHRABAD,23/12/2005,06Z,9.8,55%,-,calm.,,8/8,-,-,-,-,-,-,Overcast
TEHRAN-MEHRABAD,23/12/2005,03Z,8.2,61%,-,calm.,,6/8,-,-,-,-,-,-,Cloudy
TEHRAN-MEHRABAD,23/12/2005,00Z,8.4,59%,1016.4 Hpa,calm.,,5/8,2/8 SC,AC,-,-,-,-,Cloudy
TORBAT-HEYDARIEH,23/12/2005,21Z,2.0,79%,-,calm.,,2/8,-,-,-,-,-,-,Few clouds
TORBAT-HEYDARIEH,23/12/2005,18Z,1.4,45%,-,calm.,,0/8,-,-,-,-,-,-,Clear
TORBAT-HEYDARIEH,23/12/2005,15Z,4.2,34%,-,calm.,,0/8,-,-,-,-,-,-,Clear
TORBAT-HEYDARIEH,23/12/2005,12Z,11.8,29%,-,calm.,,5/8,-,-,-,-,-,-,Cloudy
TORBAT-HEYDARIEH,23/12/2005,09Z,11.4,34%,-,calm.,,4/8,-,-,-,-,-,-,Scattered clouds
TORBAT-HEYDARIEH,23/12/2005,06Z,6.6,47%,-,calm.,,6/8,-,-,-,-,-,-,Cloudy
TORBAT-HEYDARIEH,23/12/2005,03Z,-2.4,62%,-,calm.,,2/8,-,-,-,-,-,-,Few clouds
TORBAT-HEYDARIEH,23/12/2005,00Z,3.6,46%,-,calm.,,5/8,-,-,-,-,-,-,Cloudy
YASOGE,23/12/2005,21Z,8.0,74%,-,150º (SE),7.2,8/8,-,-,-,-,-,-,Overcast
YASOGE,23/12/2005,18Z,8.4,65%,-,calm.,,8/8,-,-,-,-,-,-,Overcast
YASOGE,23/12/2005,15Z,9.2,60%,-,160º (S ),7.2,6/8,-,-,-,-,-,-,Cloudy
YASOGE,23/12/2005,12Z,11.4,47%,-,calm.,,8/8,-,-,-,-,-,-,Overcast
YASOGE,23/12/2005,09Z,13.2,37%,-,210º (SW),39.6,8/8,-,-,-,-,-,-,Overcast
YASOGE,23/12/2005,06Z,8.8,64%,-,230º (SW),7.2,6/8,-,-,-,-,-,-,Cloudy
YASOGE,23/12/2005,03Z,3.4,78%,-,170º (S ),7.2,6/8,-,-,-,-,-,-,Cloudy
YASOGE,23/12/2005,00Z,5.8,91%,-,130º (SE),21.6,8/8,-,-,-,-,-,-,Overcast
YAZD,23/12/2005,21Z,14.8,28%,-,130º (SE),7.2,4/8,-,-,-,-,-,-,Scattered clouds
YAZD,23/12/2005,18Z,12.4,32%,-,180º (S ),7.2,4/8,-,-,-,-,-,-,Scattered clouds
YAZD,23/12/2005,15Z,17.4,22%,-,270º (W ),7.2,5/8,-,-,-,-,-,-,Cloudy
YAZD,23/12/2005,12Z,21.0,15%,-,160º (S ),7.2,6/8,-,-,-,-,-,-,Cloudy
YAZD,23/12/2005,09Z,17.2,16%,-,130º (SE),10.8,6/8,-,-,-,-,-,-,Cloudy
YAZD,23/12/2005,06Z,11.2,30%,-,120º (SE),10.8,8/8,-,-,-,-,-,-,Overcast
YAZD,23/12/2005,03Z,3.2,47%,-,240º (SW),7.2,3/8,-,-,-,-,-,-,Scattered clouds
YAZD,23/12/2005,00Z,11.8,34%,-,calm.,,4/8,-,-,-,-,-,-,Scattered clouds
ZABOL,23/12/2005,21Z,7.0,39%,-,calm.,,0/8,-,-,-,-,-,-,Clear
ZABOL,23/12/2005,18Z,9.0,37%,1020.5 Hpa,calm.,,0/8,-,-,-,-,-,-,Clear
ZABOL,23/12/2005,15Z,12.6,41%,-,calm.,,0/8,-,-,-,-,-,-,Clear
ZABOL,23/12/2005,12Z,19.8,21%,-,calm.,,3/8,-,-,-,-,-,-,Scattered clouds
ZABOL,23/12/2005,09Z,17.8,27%,-,calm.,,0/8,-,-,-,-,-,-,Clear
ZABOL,23/12/2005,06Z,14.0,30%,-,calm.,,2/8,-,-,-,-,-,-,Few clouds
ZABOL,23/12/2005,03Z,2.2,57%,-,calm.,,2/8,-,-,-,-,-,-,Few clouds
ZABOL,23/12/2005,00Z,5.4,52%,-,calm.,,0/8,-,-,-,-,-,-,Clear
ZAHEDAN,23/12/2005,21Z,4.6,32%,-,240º (SW),10.8,0/8,-,-,-,-,-,-,Clear
ZAHEDAN,23/12/2005,18Z,9.0,26%,-,190º (S ),10.8,0/8,-,-,-,-,-,-,Clear
ZAHEDAN,23/12/2005,15Z,13.3,20%,-,130º (SE),18.0,0/8,-,-,-,-,-,-,Clear
ZAHEDAN,23/12/2005,12Z,17.6,15%,-,130º (SE),18.0,3/8,-,-,-,-,-,-,Scattered clouds
ZAHEDAN,23/12/2005,09Z,18.8,14%,-,150º (SE),10.8,1/8,-,-,-,-,-,-,Few clouds
ZAHEDAN,23/12/2005,06Z,12.5,22%,-,calm.,,1/8,-,-,-,-,-,-,Few clouds
ZAHEDAN,23/12/2005,03Z,-0.2,40%,-,calm.,,2/8,-,-,-,-,-,-,Few clouds
ZAHEDAN,23/12/2005,00Z,0.7,39%,1019.2 Hpa,210º (SW),7.2,0/8,-,-,-,-,-,-,Clear
ZANJAN,23/12/2005,21Z,1.8,93%,-,050º (NE),18.0,8/8,-,-,-,-,-,-,Overcast
ZANJAN,23/12/2005,18Z,3.2,97%,-,060º (NE),14.4,8/8,-,-,-,-,-,-,Overcast
ZANJAN,23/12/2005,15Z,2.2,93%,-,090º (E ),18.0,8/8,-,-,-,-,-,-,Overcast
ZANJAN,23/12/2005,12Z,3.0,93%,-,070º (E ),25.2,8/8,-,-,-,-,-,-,Overcast
ZANJAN,23/12/2005,09Z,3.6,95%,-,090º (E ),18.0,8/8,-,-,-,-,-,-,Overcast
ZANJAN,23/12/2005,06Z,4.0,79%,-,100º (E ),10.8,8/8,-,-,-,-,-,-,Overcast
ZANJAN,23/12/2005,03Z,2.0,83%,-,090º (E ),7.2,5/8,-,-,-,-,-,-,Cloudy
ZANJAN,23/12/2005,00Z,2.6,93%,-,140º (SE),7.2,8/8,-,-,-,-,-,-,Overcast
