Station ∆,Date,UTC time,Temp. (ºC),Rel. Hum. (%),Pressure/ Geopot.,Wind dir,Wins speed (Km/h),Clouds,Low clouds,Medium clouds,High clouds,Prec. (mm),Max temp. (ºC),Min temp. (ºC),Conditions
ABADAN,25/10/2010,21Z,23.2,59%,1011.4 Hpa,calm.,,2/8,-,-,CI,-,-,-,Few clouds
ABADAN,25/10/2010,18Z,24.6,59%,1010.6 Hpa,190º (S ),7.2,3/8,-,-,CI,-,-,-,Scattered clouds
ABADAN,25/10/2010,15Z,32.4,25%,1009.4 Hpa,calm.,,3/8,-,-,CI,-,39.4,-,Scattered clouds
ABADAN,25/10/2010,12Z,38.4,13%,1008.7 Hpa,030º (NE),10.8,3/8,-,-,CI,-,-,-,Scattered clouds
ABADAN,25/10/2010,09Z,35.0,17%,1010.1 Hpa,330º (NW),10.8,2/8,-,-,CI,-,-,-,Few clouds
ABADAN,25/10/2010,06Z,26.6,30%,1011.2 Hpa,360º (N ),7.2,2/8,-,-,CI,-,-,-,"Few clouds, haze"
ABADAN,25/10/2010,03Z,17.8,57%,1010.0 Hpa,310º (NW),7.2,0/8,-,-,-,-,-,17.8,"Clear, haze"
ABADAN,25/10/2010,00Z,19.6,50%,1009.4 Hpa,310º (NW),7.2,0/8,-,-,-,-,-,-,Clear
ABADEH,25/10/2010,21Z,8.4,33%,1012.1 Hpa,340º (N ),10.8,3/8,-,-,CI,-,-,-,Scattered clouds
ABADEH,25/10/2010,18Z,10.8,29%,1014.0 Hpa,270º (W ),10.8,0/8,-,-,-,-,-,-,Clear
ABADEH,25/10/2010,15Z,19.2,21%,1012.9 Hpa,010º (N),7.2,0/8,-,-,-,-,23.4,-,Clear
ABADEH,25/10/2010,12Z,23.0,15%,1011.0 Hpa,010º (N),21.6,0/8,-,-,-,-,-,-,Clear
ABADEH,25/10/2010,09Z,23.0,15%,1010.8 Hpa,030º (NE),18.0,0/8,-,-,-,-,-,-,Clear
ABADEH,25/10/2010,06Z,16.4,24%,1014.3 Hpa,290º (W ),7.2,0/8,-,-,-,-,-,-,Clear
ABADEH,25/10/2010,03Z,7.0,31%,1014.4 Hpa,calm.,,0/8,-,-,-,-,-,5.4,Clear
ABADEH,25/10/2010,00Z,7.0,33%,1012.0 Hpa,240º (SW),7.2,0/8,-,-,-,-,-,-,Clear
ABU MUSA,25/10/2010,15Z,30.0,59%,1009.0 Hpa,270º (W ),10.8,0/8,-,-,-,-,33.4,-,"Clear, haze"
ABU MUSA,25/10/2010,12Z,32.6,86%,1009.5 Hpa,240º (SW),7.2,0/8,-,-,-,-,-,-,"Clear, haze"
ABU MUSA,25/10/2010,09Z,32.0,35%,1009.8 Hpa,190º (S ),28.8,0/8,-,-,-,-,-,-,"Clear, dust"
ABU MUSA,25/10/2010,06Z,31.4,92%,1011.1 Hpa,180º (S ),28.8,0/8,-,-,-,-,-,-,"Clear, haze"
ABU MUSA,25/10/2010,03Z,26.0,87%,1009.1 Hpa,030º (NE),7.2,0/8,-,-,-,-,-,23.4,"Clear, mist"
AHAR,25/10/2010,21Z,9.8,78%,1020.4 Hpa,calm.,,8/8,2/8 SC,AC,,-,-,-,Overcast
AHAR,25/10/2010,18Z,9.0,75%,1020.9 Hpa,calm.,,3/8,1/8 SC,-,CI,-,-,-,Scattered clouds
AHAR,25/10/2010,15Z,11.8,66%,1019.5 Hpa,090º (E ),7.2,3/8,2/8 CB,-,CI,-,14.8,-,Scattered clouds
AHAR,25/10/2010,12Z,13.8,59%,1018.6 Hpa,120º (SE),7.2,5/8,1/8 SC,-,CI,-,-,-,Cloudy
AHAR,25/10/2010,09Z,12.0,67%,1020.0 Hpa,090º (E ),7.2,7/8,7/8 SC,-,-,-,-,-,Cloudy
AHAR,25/10/2010,06Z,10.4,76%,1021.0 Hpa,090º (E ),7.2,8/8,8/8 ST,,,-,-,-,Overcast
AHAR,25/10/2010,03Z,10.2,78%,1020.2 Hpa,090º (E ),7.2,8/8,8/8 ST,,,-,-,10.2,Overcast
AHAR,25/10/2010,00Z,10.4,78%,1019.5 Hpa,Vble.,,8/8,8/8 ST,,,-,-,-,Overcast
AHWAZ,25/10/2010,21Z,23.2,45%,1009.8 Hpa,170º (S ),7.2,0/8,-,-,-,-,-,-,"Clear, haze"
AHWAZ,25/10/2010,18Z,26.0,48%,1009.8 Hpa,070º (E ),7.2,0/8,-,-,-,-,-,-,Clear
AHWAZ,25/10/2010,15Z,29.4,41%,1008.7 Hpa,calm.,,0/8,-,-,-,-,39.0,-,Clear
AHWAZ,25/10/2010,12Z,38.0,16%,1008.4 Hpa,340º (N ),7.2,0/8,-,-,-,-,-,-,Clear
AHWAZ,25/10/2010,09Z,36.6,22%,1009.6 Hpa,210º (SW),7.2,0/8,-,-,-,-,-,-,Clear
AHWAZ,25/10/2010,06Z,26.4,55%,1010.5 Hpa,110º (E ),10.8,0/8,-,-,-,-,-,-,Clear
AHWAZ,25/10/2010,03Z,18.0,72%,1009.2 Hpa,calm.,,0/8,-,-,-,-,-,17.6,"Clear, haze"
AHWAZ,25/10/2010,00Z,21.8,44%,1007.8 Hpa,calm.,,0/8,-,-,-,-,-,-,Clear
ALI-GOODARZ,25/10/2010,21Z,10.4,30%,1013.8 Hpa,130º (SE),18.0,4/8,-,-,CI,-,-,-,Scattered clouds
ALI-GOODARZ,25/10/2010,18Z,13.0,25%,1015.1 Hpa,110º (E ),18.0,4/8,-,-,CI,-,-,-,Scattered clouds
ALI-GOODARZ,25/10/2010,15Z,18.4,24%,1015.4 Hpa,360º (N ),10.8,2/8,-,-,CI,-,24.4,-,Few clouds
ALI-GOODARZ,25/10/2010,12Z,22.8,17%,1011.8 Hpa,300º (NW),28.8,2/8,-,-,CI,-,-,-,Few clouds
ALI-GOODARZ,25/10/2010,09Z,21.4,20%,1012.7 Hpa,310º (NW),21.6,1/8,-,-,CI,-,-,-,Few clouds
ALI-GOODARZ,25/10/2010,06Z,16.2,23%,1016.2 Hpa,140º (SE),18.0,0/8,-,-,-,-,-,-,Clear
ALI-GOODARZ,25/10/2010,03Z,8.4,33%,1014.3 Hpa,120º (SE),25.2,0/8,-,-,-,-,-,8.0,Clear
ALI-GOODARZ,25/10/2010,00Z,10.4,30%,1011.5 Hpa,110º (E ),18.0,0/8,-,-,-,-,-,-,Clear
ANZALI,25/10/2010,21Z,16.8,91%,1022.5 Hpa,260º (W ),10.8,8/8,5/8 SC,AC,,-,-,-,Overcast
ANZALI,25/10/2010,18Z,17.0,91%,1022.9 Hpa,260º (W ),10.8,8/8,4/8 SC,AC,,Tr(6h),-,-,Overcast
ANZALI,25/10/2010,15Z,18.0,88%,1022.5 Hpa,260º (W ),10.8,8/8,6/8 ST,AC,,-,18.8,-,"Overcast, rain"
ANZALI,25/10/2010,12Z,18.6,198%,1021.9 Hpa,070º (E ),10.8,7/8,3/8 SC,AC,-,0.3(6h),-,-,Cloudy
ANZALI,25/10/2010,09Z,16.8,91%,-,110º (E ),14.4,8/8,-,-,-,-,-,-,Overcast
ANZALI,25/10/2010,06Z,17.2,217%,1023.6 Hpa,310º (NW),10.8,8/8,6/8 SC,AC,,2.0(6h),-,-,Overcast
ANZALI,25/10/2010,03Z,15.8,95%,1022.8 Hpa,270º (W ),7.2,8/8,5/8 SC,AC,,-,-,15.4,Overcast
ANZALI,25/10/2010,00Z,15.8,95%,1022.7 Hpa,270º (W ),10.8,8/8,5/8 SC,AC,,3.0(6h),-,-,"Overcast, rain"
ARAK,25/10/2010,21Z,11.8,41%,1013.2 Hpa,calm.,,4/8,-,-,CI,-,-,-,Scattered clouds
ARAK,25/10/2010,18Z,15.8,32%,1014.4 Hpa,290º (W ),7.2,1/8,-,-,CI,-,-,-,Few clouds
ARAK,25/10/2010,15Z,17.8,24%,1015.7 Hpa,calm.,,0/8,-,-,-,-,25.2,-,Clear
ARAK,25/10/2010,12Z,25.0,15%,1011.3 Hpa,340º (N ),7.2,1/8,-,-,CI,-,-,-,Few clouds
ARAK,25/10/2010,09Z,22.2,20%,1012.9 Hpa,150º (SE),7.2,1/8,-,-,CI,-,-,-,Few clouds
ARAK,25/10/2010,06Z,15.0,37%,1016.3 Hpa,050º (NE),7.2,0/8,-,-,-,-,-,-,Clear
ARAK,25/10/2010,03Z,7.8,62%,1016.5 Hpa,calm.,,0/8,-,-,-,-,-,7.6,Clear
ARAK,25/10/2010,00Z,10.4,51%,1013.0 Hpa,calm.,,0/8,-,-,-,-,-,-,Clear
ARDEBIL,25/10/2010,21Z,8.6,100%,1020.2 Hpa,calm.,,8/8,8/8 ST,,,-,-,-,"Overcast, mist"
ARDEBIL,25/10/2010,18Z,8.4,100%,1020.8 Hpa,calm.,,8/8,8/8 ST,,,-,-,-,"Overcast, mist"
ARDEBIL,25/10/2010,15Z,9.0,100%,1020.2 Hpa,060º (NE),10.8,8/8,8/8 ST,,,-,14.4,-,"Overcast, mist"
ARDEBIL,25/10/2010,12Z,13.2,78%,1018.4 Hpa,030º (NE),18.0,6/8,4/8 ST,AC,-,-,-,-,"Cloudy, haze"
ARDEBIL,25/10/2010,09Z,11.8,81%,1019.8 Hpa,calm.,,8/8,8/8 ST,,,-,-,-,"Overcast, mist"
ARDEBIL,25/10/2010,06Z,10.0,90%,1020.9 Hpa,calm.,,8/8,8/8 ST,,,-,-,-,"Overcast, mist"
ARDEBIL,25/10/2010,03Z,8.4,97%,1020.3 Hpa,calm.,,8/8,8/8 ST,,,-,-,8.2,"Overcast, mist"
ARDEBIL,25/10/2010,00Z,8.6,97%,1020.0 Hpa,calm.,,8/8,8/8 ST,,,-,-,-,"Overcast, mist"
BABULSAR,25/10/2010,21Z,18.4,88%,1021.5 Hpa,calm.,,8/8,3/8 ST,AC,,-,-,-,Overcast
BABULSAR,25/10/2010,18Z,19.0,88%,1021.7 Hpa,calm.,,8/8,5/8 ST,AC,,-,-,-,Overcast
BABULSAR,25/10/2010,15Z,20.0,74%,1021.5 Hpa,calm.,,7/8,3/8 SC,AC,-,-,21.8,-,Cloudy
BABULSAR,25/10/2010,12Z,21.0,69%,1021.2 Hpa,calm.,,7/8,3/8 CU/SC,AC,-,-,-,-,Cloudy
BABULSAR,25/10/2010,09Z,21.0,75%,-,Vble.,,8/8,-,-,-,-,-,-,Overcast
BABULSAR,25/10/2010,06Z,18.6,86%,1022.0 Hpa,Vble.,,8/8,6/8 SC,AC,,Tr(24h),-,-,Overcast
BABULSAR,25/10/2010,03Z,17.4,91%,1021.9 Hpa,calm.,,8/8,4/8 SC,AC,,-,-,17.4,Overcast
BABULSAR,25/10/2010,00Z,17.4,85%,1021.5 Hpa,calm.,,8/8,4/8 ST,AC,,-,-,-,Overcast
BAFT,25/10/2010,21Z,12.4,32%,1010.9 Hpa,calm.,,0/8,-,-,-,-,-,-,Clear
BAFT,25/10/2010,18Z,15.0,23%,1011.1 Hpa,090º (E ),7.2,0/8,-,-,-,-,-,-,Clear
BAFT,25/10/2010,15Z,18.6,15%,1012.8 Hpa,330º (NW),14.4,0/8,-,-,-,-,24.4,-,Clear
BAFT,25/10/2010,12Z,23.2,10%,1008.6 Hpa,330º (NW),14.4,0/8,-,-,-,-,-,-,Clear
BAFT,25/10/2010,09Z,22.4,12%,1009.0 Hpa,calm.,,0/8,-,-,-,-,-,-,Clear
BAFT,25/10/2010,06Z,19.6,20%,1010.6 Hpa,120º (SE),14.4,0/8,-,-,-,-,-,-,Clear
BAFT,25/10/2010,03Z,9.0,29%,1013.3 Hpa,030º (NE),10.8,0/8,-,-,-,-,-,8.6,Clear
BAFT,25/10/2010,00Z,10.4,34%,1009.6 Hpa,calm.,,0/8,-,-,-,-,-,-,Clear
BAM,25/10/2010,21Z,19.6,18%,1010.3 Hpa,280º (W ),14.4,0/8,-,-,-,-,-,-,Clear
BAM,25/10/2010,18Z,20.0,17%,1011.3 Hpa,280º (W ),7.2,0/8,-,-,-,-,-,-,Clear
BAM,25/10/2010,15Z,24.0,11%,1011.4 Hpa,030º (NE),7.2,0/8,-,-,-,-,29.6,-,Clear
BAM,25/10/2010,12Z,28.2,7%,1009.7 Hpa,010º (N),10.8,0/8,-,-,-,-,-,-,Clear
BAM,25/10/2010,09Z,29.0,5%,1009.6 Hpa,030º (NE),10.8,0/8,-,-,-,-,-,-,Clear
BAM,25/10/2010,06Z,26.0,14%,1011.5 Hpa,290º (W ),7.2,0/8,-,-,-,-,-,-,Clear
BAM,25/10/2010,03Z,17.0,16%,1011.7 Hpa,270º (W ),18.0,0/8,-,-,-,-,-,16.6,Clear
BAM,25/10/2010,00Z,17.2,21%,1009.9 Hpa,270º (W ),18.0,0/8,-,-,-,-,-,-,Clear
BANDAR LENGEH,25/10/2010,21Z,27.4,59%,1010.0 Hpa,010º (N),10.8,0/8,-,-,-,-,-,-,"Clear, haze"
BANDAR LENGEH,25/10/2010,18Z,27.4,58%,1010.1 Hpa,010º (N),7.2,0/8,-,-,-,-,-,-,"Clear, haze"
BANDAR LENGEH,25/10/2010,15Z,29.6,57%,1009.3 Hpa,250º (W ),7.2,0/8,-,-,-,-,33.0,-,"Clear, haze"
BANDAR LENGEH,25/10/2010,12Z,32.6,86%,1009.5 Hpa,200º (S ),14.4,0/8,-,-,-,-,-,-,"Clear, haze"
BANDAR LENGEH,25/10/2010,09Z,32.6,61%,1010.5 Hpa,130º (SE),10.8,1/8,1/8 SC,-,-,-,-,-,"Few clouds, haze"
BANDAR LENGEH,25/10/2010,06Z,30.6,97%,1011.2 Hpa,110º (E ),25.2,0/8,-,-,-,-,-,-,"Clear, dust"
BANDAR LENGEH,25/10/2010,03Z,26.0,87%,1009.4 Hpa,060º (NE),10.8,0/8,-,-,-,-,-,25.2,"Clear, mist"
BANDAR LENGEH,25/10/2010,00Z,25.2,80%,1007.7 Hpa,190º (S ),180.0,1/8,-,-,-,-,-,-,Few clouds
BANDAR-E-DAYYER,25/10/2010,21Z,26.0,81%,1010.7 Hpa,310º (NW),7.2,0/8,-,-,-,-,-,-,Clear
BANDAR-E-DAYYER,25/10/2010,18Z,28.2,,1040.1 Hpa,calm.,,0/8,-,-,-,-,-,-,Clear
BANDAR-E-DAYYER,25/10/2010,15Z,30.2,69%,1009.5 Hpa,calm.,,0/8,-,-,-,-,32.4,-,Clear
BANDAR-E-DAYYER,25/10/2010,12Z,32.2,88%,1009.4 Hpa,170º (S ),18.0,0/8,-,-,-,-,-,-,Clear
BANDAR-E-DAYYER,25/10/2010,09Z,31.4,67%,1009.7 Hpa,calm.,,0/8,-,-,-,-,-,-,Clear
BANDAR-E-DAYYER,25/10/2010,06Z,30.0,14%,1010.6 Hpa,calm.,,0/8,-,-,-,-,-,-,Clear
BANDAR-E-DAYYER,25/10/2010,03Z,23.8,83%,1009.0 Hpa,calm.,,0/8,-,-,-,-,-,23.6,"Clear, mist"
BANDAR-E-DAYYER,25/10/2010,00Z,24.2,20%,1007.9 Hpa,calm.,,0/8,-,-,-,-,-,-,Clear
BANDARABBASS,25/10/2010,21Z,25.4,85%,1011.2 Hpa,360º (N ),7.2,0/8,-,-,-,-,-,-,"Clear, mist"
BANDARABBASS,25/10/2010,18Z,26.1,76%,1011.5 Hpa,010º (N),7.2,0/8,-,-,-,-,-,-,Clear
BANDARABBASS,25/10/2010,15Z,28.5,70%,1009.7 Hpa,150º (SE),7.2,0/8,-,-,-,-,33.6,-,Clear
BANDARABBASS,25/10/2010,12Z,33.5,33%,1009.2 Hpa,200º (S ),10.8,0/8,-,-,-,-,-,-,Clear
BANDARABBASS,25/10/2010,09Z,32.0,57%,1010.6 Hpa,190º (S ),18.0,0/8,-,-,-,-,-,-,Clear
BANDARABBASS,25/10/2010,06Z,32.1,43%,1012.0 Hpa,110º (E ),7.2,0/8,-,-,-,-,-,-,Clear
BANDARABBASS,25/10/2010,03Z,22.3,71%,1010.2 Hpa,calm.,,0/8,-,-,-,-,-,21.8,Clear
BANDARABBASS,25/10/2010,00Z,24.7,71%,1008.8 Hpa,340º (N ),7.2,0/8,-,-,-,-,-,-,Clear
BIRJAND,25/10/2010,21Z,9.0,39%,1014.9 Hpa,100º (E ),7.2,0/8,-,-,-,-,-,-,Clear
BIRJAND,25/10/2010,18Z,13.0,32%,1015.0 Hpa,calm.,,0/8,-,-,-,-,-,-,Clear
BIRJAND,25/10/2010,15Z,19.6,21%,1016.2 Hpa,020º (N),7.2,0/8,-,-,-,-,26.4,-,Clear
BIRJAND,25/10/2010,12Z,25.2,15%,1012.8 Hpa,300º (NW),21.6,0/8,-,-,-,-,-,-,Clear
BIRJAND,25/10/2010,09Z,25.6,20%,1011.8 Hpa,190º (S ),7.2,0/8,-,-,-,-,-,-,Clear
BIRJAND,25/10/2010,06Z,21.2,24%,1014.4 Hpa,calm.,,0/8,-,-,-,-,-,-,Clear
BIRJAND,25/10/2010,03Z,5.6,35%,1016.9 Hpa,calm.,,0/8,-,-,-,-,-,4.8,Clear
BIRJAND,25/10/2010,00Z,6.6,30%,1013.6 Hpa,calm.,,0/8,-,-,-,-,-,-,Clear
BOJNOURD,25/10/2010,21Z,13.0,82%,1019.3 Hpa,270º (W ),18.0,7/8,2/8 SC,AC,-,-,-,-,Cloudy
BOJNOURD,25/10/2010,18Z,13.2,84%,1020.2 Hpa,270º (W ),18.0,6/8,3/8 SC,AC,-,-,-,-,Cloudy
BOJNOURD,25/10/2010,15Z,13.8,78%,1019.8 Hpa,300º (NW),36.0,4/8,1/8 SC,AC,-,-,18.8,-,Scattered clouds
BOJNOURD,25/10/2010,12Z,18.0,56%,1018.1 Hpa,300º (NW),32.4,1/8,1/8 SC,-,-,-,21.0,6.0,Few clouds
BOJNOURD,25/10/2010,09Z,18.4,55%,1018.3 Hpa,300º (NW),28.8,5/8,5/8 SC,-,-,-,-,-,Cloudy
BOJNOURD,25/10/2010,06Z,15.6,76%,1020.1 Hpa,calm.,,5/8,3/8 SC,AC,-,-,-,-,Cloudy
BOJNOURD,25/10/2010,03Z,12.8,86%,1019.7 Hpa,calm.,,7/8,3/8 ST,AC,-,-,-,12.8,Cloudy
BOJNOURD,25/10/2010,00Z,13.0,82%,1018.3 Hpa,270º (W ),10.8,7/8,-,7/8 AC,-,-,-,-,Cloudy
BUSHEHR,25/10/2010,21Z,25.4,87%,1010.7 Hpa,090º (E ),7.2,2/8,-,-,CI,-,-,-,"Few clouds, mist"
BUSHEHR,25/10/2010,18Z,26.4,17%,1011.1 Hpa,030º (NE),7.2,3/8,-,-,CI,-,-,-,"Scattered clouds, mist"
BUSHEHR,25/10/2010,15Z,29.2,76%,1010.1 Hpa,270º (W ),10.8,2/8,-,-,CI,-,33.0,-,Few clouds
BUSHEHR,25/10/2010,12Z,31.4,92%,1009.1 Hpa,240º (SW),10.8,3/8,-,-,CI,-,-,-,Scattered clouds
BUSHEHR,25/10/2010,09Z,31.8,72%,1009.8 Hpa,210º (SW),14.4,2/8,-,-,CI,-,-,-,Few clouds
BUSHEHR,25/10/2010,06Z,29.8,14%,1010.8 Hpa,300º (NW),7.2,0/8,-,-,-,-,-,-,"Clear, haze"
BUSHEHR,25/10/2010,03Z,24.4,89%,1009.7 Hpa,calm.,,0/8,-,-,-,-,-,24.0,"Clear, mist"
BUSHEHR,25/10/2010,00Z,24.6,19%,1008.7 Hpa,080º (E ),7.2,0/8,-,-,-,-,-,-,"Clear, mist"
BUSHEHR (AIRPORT),25/10/2010,21Z,25.8,85%,1011.0 Hpa,calm.,,0/8,-,-,-,-,-,-,Clear
BUSHEHR (AIRPORT),25/10/2010,18Z,25.4,83%,1011.2 Hpa,calm.,,0/8,-,-,-,-,-,-,Clear
BUSHEHR (AIRPORT),25/10/2010,15Z,28.6,76%,1009.7 Hpa,280º (W ),7.2,0/8,-,-,CI,-,32.4,-,Clear
BUSHEHR (AIRPORT),25/10/2010,12Z,31.6,66%,1008.9 Hpa,250º (W ),10.8,3/8,-,-,CI,-,-,-,Scattered clouds
BUSHEHR (AIRPORT),25/10/2010,09Z,30.6,72%,1010.3 Hpa,270º (W ),14.4,0/8,-,-,CI,-,-,-,Clear
BUSHEHR (AIRPORT),25/10/2010,06Z,29.6,72%,1010.8 Hpa,calm.,,0/8,-,-,-,-,-,-,Clear
BUSHEHR (AIRPORT),25/10/2010,03Z,24.2,86%,1009.2 Hpa,150º (SE),7.2,0/8,-,-,-,-,-,22.8,"Clear, mist"
BUSHEHR (AIRPORT),25/10/2010,00Z,23.6,89%,1008.6 Hpa,calm.,,0/8,-,-,-,-,-,-,"Clear, mist"
CHAHBAHAR,25/10/2010,21Z,23.8,88%,1011.9 Hpa,calm.,,0/8,-,-,-,-,-,-,"Clear, mist"
CHAHBAHAR,25/10/2010,18Z,25.5,80%,1012.3 Hpa,calm.,,0/8,-,-,-,-,-,-,"Clear, haze"
CHAHBAHAR,25/10/2010,15Z,26.8,73%,1011.3 Hpa,calm.,,0/8,0/8 CU,AC,CI,-,29.6,90.1,"Clear, haze"
CHAHBAHAR,25/10/2010,12Z,29.0,64%,1010.0 Hpa,210º (SW),7.2,0/8,0/8 CU,AC,CI,-,-,-0.1,"Clear, haze"
CHAHBAHAR,25/10/2010,09Z,28.8,68%,1010.8 Hpa,200º (S ),7.2,0/8,0/8 CU,AC,CI,-,-,70.1,"Clear, haze"
CHAHBAHAR,25/10/2010,06Z,27.4,59%,1012.7 Hpa,150º (SE),7.2,0/8,0/8 CU,AC,CI,-,-,80.1,"Clear, haze"
CHAHBAHAR,25/10/2010,03Z,22.3,80%,1011.8 Hpa,calm.,,0/8,0/8 CU,AC,CS,-,-,70.1,"Clear, haze"
CHAHBAHAR,25/10/2010,00Z,22.3,71%,1010.0 Hpa,calm.,,0/8,-,-,-,-,-,-,"Clear, haze"
ESFAHAN,25/10/2010,21Z,12.0,33%,1012.3 Hpa,250º (W ),7.2,0/8,-,-,-,-,-,-,Clear
ESFAHAN,25/10/2010,18Z,14.8,33%,1013.5 Hpa,calm.,,0/8,-,-,-,-,-,-,Clear
ESFAHAN,25/10/2010,15Z,21.0,28%,1012.2 Hpa,calm.,,0/8,-,-,-,-,26.4,-,Clear
ESFAHAN,25/10/2010,12Z,26.4,15%,1010.5 Hpa,060º (NE),7.2,0/8,-,-,-,-,-,-,Clear
ESFAHAN,25/10/2010,09Z,24.0,20%,1012.5 Hpa,calm.,,0/8,-,-,-,-,-,-,Clear
ESFAHAN,25/10/2010,06Z,17.6,31%,1015.1 Hpa,calm.,,0/8,-,-,-,-,-,-,Clear
ESFAHAN,25/10/2010,03Z,10.2,37%,1014.1 Hpa,240º (SW),10.8,0/8,-,-,-,-,-,8.2,Clear
ESFAHAN,25/10/2010,00Z,10.6,44%,1011.6 Hpa,calm.,,0/8,-,-,-,-,-,-,Clear
FASA,25/10/2010,21Z,15.0,34%,1007.8 Hpa,calm.,,0/8,-,-,-,-,-,-,Clear
FASA,25/10/2010,18Z,18.8,25%,1008.1 Hpa,calm.,,0/8,-,-,-,-,-,-,Clear
FASA,25/10/2010,15Z,25.4,19%,1009.1 Hpa,220º (SW),7.2,0/8,-,-,-,-,31.4,-,Clear
FASA,25/10/2010,12Z,30.4,13%,1006.7 Hpa,200º (S ),14.4,0/8,-,-,-,-,-,-,Clear
FASA,25/10/2010,09Z,30.8,13%,1007.6 Hpa,130º (SE),7.2,0/8,-,-,-,-,-,-,Clear
FASA,25/10/2010,06Z,25.8,21%,1010.1 Hpa,calm.,,0/8,-,-,-,-,-,-,Clear
FASA,25/10/2010,03Z,10.4,39%,1010.8 Hpa,calm.,,0/8,-,-,-,-,-,9.8,Clear
FASA,25/10/2010,00Z,12.6,32%,1007.5 Hpa,310º (NW),7.2,0/8,-,-,-,-,-,-,Clear
FERDOUS,25/10/2010,21Z,12.6,28%,1013.8 Hpa,080º (E ),7.2,0/8,-,-,-,-,-,-,Clear
FERDOUS,25/10/2010,18Z,17.4,20%,1013.2 Hpa,040º (NE),10.8,0/8,-,-,-,-,-,-,Clear
FERDOUS,25/10/2010,15Z,18.4,15%,1015.7 Hpa,290º (W ),7.2,0/8,-,-,-,-,24.4,-,Clear
FERDOUS,25/10/2010,12Z,23.6,10%,1013.1 Hpa,280º (W ),21.6,0/8,-,-,-,-,-,-,Clear
FERDOUS,25/10/2010,09Z,23.4,17%,1013.6 Hpa,330º (NW),14.4,0/8,-,-,-,-,-,-,Clear
FERDOUS,25/10/2010,06Z,21.2,25%,1014.5 Hpa,calm.,,0/8,-,-,-,-,-,-,Clear
FERDOUS,25/10/2010,03Z,10.0,27%,1015.4 Hpa,060º (NE),7.2,0/8,-,-,-,-,-,9.8,Clear
FERDOUS,25/10/2010,00Z,12.0,18%,1012.4 Hpa,060º (NE),10.8,0/8,-,-,-,-,-,-,Clear
GACH SARAN DU GUNBADAN,25/10/2010,21Z,25.6,39%,1007.2 Hpa,calm.,,0/8,-,-,-,-,-,-,Clear
GACH SARAN DU GUNBADAN,25/10/2010,18Z,25.4,40%,1008.5 Hpa,calm.,,0/8,-,-,-,-,-,-,Clear
GACH SARAN DU GUNBADAN,25/10/2010,15Z,27.2,31%,1007.2 Hpa,280º (W ),10.8,0/8,-,-,-,-,34.6,-,Clear
GACH SARAN DU GUNBADAN,25/10/2010,12Z,33.2,16%,1006.2 Hpa,280º (W ),18.0,0/8,-,-,-,-,-,-,Clear
GACH SARAN DU GUNBADAN,25/10/2010,09Z,34.4,10%,1007.4 Hpa,calm.,,0/8,-,-,-,-,-,-,Clear
GACH SARAN DU GUNBADAN,25/10/2010,06Z,27.2,27%,1008.6 Hpa,calm.,,0/8,-,-,-,-,-,-,Clear
GACH SARAN DU GUNBADAN,25/10/2010,03Z,17.9,51%,1007.6 Hpa,calm.,,0/8,-,-,-,-,-,17.9,Clear
GACH SARAN DU GUNBADAN,25/10/2010,00Z,19.7,44%,1005.8 Hpa,calm.,,0/8,-,-,-,-,-,-,Clear
GHARAKHIL,25/10/2010,21Z,17.8,93%,1021.4 Hpa,calm.,,8/8,4/8 SC,AC,,-,-,-,Overcast
GHARAKHIL,25/10/2010,18Z,18.0,93%,1022.1 Hpa,calm.,,8/8,4/8 SC,AC,,-,-,-,Overcast
GHARAKHIL,25/10/2010,15Z,19.0,82%,1021.5 Hpa,calm.,,8/8,4/8 SC,AC,,-,21.0,-,Overcast
GHARAKHIL,25/10/2010,12Z,20.0,72%,1021.6 Hpa,calm.,,8/8,4/8 SC,AC,,-,-,-,Overcast
GHARAKHIL,25/10/2010,09Z,20.2,75%,1022.3 Hpa,calm.,,8/8,3/8 SC,AC,,-,-,-,Overcast
GHARAKHIL,25/10/2010,06Z,18.2,85%,1022.9 Hpa,calm.,,8/8,3/8 SC,AC,,0.2(6h),-,-,Overcast
GHARAKHIL,25/10/2010,03Z,16.8,91%,1021.9 Hpa,160º (S ),7.2,8/8,3/8 SC,AC,,-,-,16.0,Overcast
GHARAKHIL,25/10/2010,00Z,17.0,91%,1021.8 Hpa,calm.,,8/8,3/8 SC,AC,,-,-,-,Overcast
GHAZVIN,25/10/2010,21Z,9.8,80%,1015.5 Hpa,calm.,,7/8,-,-,CI,-,-,-,Cloudy
GHAZVIN,25/10/2010,18Z,11.6,72%,1016.7 Hpa,calm.,,5/8,-,-,CI,-,-,-,Cloudy
GHAZVIN,25/10/2010,15Z,15.0,56%,1017.3 Hpa,calm.,,3/8,-,-,CI,-,23.8,-,Scattered clouds
GHAZVIN,25/10/2010,12Z,23.4,25%,1014.8 Hpa,220º (SW),7.2,0/8,-,-,CI,-,-,-,Clear
GHAZVIN,25/10/2010,09Z,23.0,28%,1015.8 Hpa,170º (S ),3.6,1/8,1/8 CU,-,CI,-,-,-,Few clouds
GHAZVIN,25/10/2010,06Z,15.6,59%,1018.6 Hpa,180º (S ),3.6,0/8,-,-,-,-,-,-,"Clear, haze"
GHAZVIN,25/10/2010,03Z,7.6,89%,1018.2 Hpa,calm.,,0/8,-,-,-,-,-,6.8,Clear
GHAZVIN,25/10/2010,00Z,8.0,81%,1015.4 Hpa,calm.,,0/8,-,-,-,-,-,-,Clear
GHUCHAN,25/10/2010,21Z,9.4,63%,1017.3 Hpa,calm.,,5/8,5/8 SC,-,-,-,-,-,Cloudy
GHUCHAN,25/10/2010,18Z,13.8,68%,1016.9 Hpa,calm.,,2/8,2/8 SC,-,-,-,-,-,Few clouds
GHUCHAN,25/10/2010,15Z,13.4,46%,1018.1 Hpa,150º (SE),18.0,1/8,1/8 SC,-,-,-,21.0,-,Few clouds
GHUCHAN,25/10/2010,09Z,18.8,45%,1015.8 Hpa,280º (W ),7.2,0/8,-,-,-,-,-,-,Clear
GHUCHAN,25/10/2010,06Z,15.0,68%,1017.8 Hpa,calm.,,3/8,1/8 SC,AC,-,-,-,-,Scattered clouds
GHUCHAN,25/10/2010,03Z,7.0,73%,1018.4 Hpa,calm.,,4/8,4/8 SC,-,-,-,-,7.0,Scattered clouds
GHUCHAN,25/10/2010,00Z,9.0,54%,1015.0 Hpa,calm.,,6/8,6/8 SC,-,-,-,-,-,Cloudy
HAMEDAN,25/10/2010,21Z,-4.4,100%,1014.0 Hpa,calm.,,5/8,-,-,CI,-,-,-,Cloudy
HAMEDAN,25/10/2010,18Z,12.7,28%,1015.4 Hpa,calm.,,5/8,-,-,CI,-,-,-,Cloudy
HAMEDAN,25/10/2010,15Z,18.8,19%,1016.4 Hpa,290º (W ),7.2,5/8,-,-,CI,-,24.8,-,Cloudy
HAMEDAN,25/10/2010,12Z,23.3,15%,1012.6 Hpa,270º (W ),7.2,4/8,1/8 CU,-,CI,-,-,-,Scattered clouds
HAMEDAN,25/10/2010,09Z,23.2,17%,1013.7 Hpa,290º (W ),14.4,3/8,-,-,CI,-,-,-,Scattered clouds
HAMEDAN,25/10/2010,06Z,15.6,28%,1016.1 Hpa,calm.,,2/8,-,-,CI,-,-,-,Few clouds
HAMEDAN,25/10/2010,03Z,4.6,45%,1018.0 Hpa,calm.,,0/8,-,-,-,-,-,3.8,Clear
ILAM,25/10/2010,21Z,16.4,32%,1011.6 Hpa,120º (SE),7.2,6/8,-,-,CI,-,-,-,Cloudy
ILAM,25/10/2010,18Z,19.0,33%,1012.4 Hpa,calm.,,5/8,-,-,CI,-,-,-,Cloudy
ILAM,25/10/2010,15Z,22.4,23%,1013.6 Hpa,calm.,,4/8,-,-,CI,-,29.6,-,Scattered clouds
ILAM,25/10/2010,12Z,28.4,15%,1011.8 Hpa,300º (NW),21.6,4/8,-,-,CC,-,-,-,Scattered clouds
ILAM,25/10/2010,09Z,27.6,14%,1012.7 Hpa,320º (NW),10.8,2/8,-,-,CI,-,-,-,Few clouds
ILAM,25/10/2010,06Z,23.0,22%,1013.3 Hpa,calm.,,2/8,-,-,CI,-,-,-,Few clouds
ILAM,25/10/2010,03Z,14.0,35%,1013.0 Hpa,120º (SE),7.2,0/8,-,-,-,-,13.0,-,Clear
ILAM,25/10/2010,00Z,13.4,36%,1011.1 Hpa,calm.,,0/8,-,-,-,-,-,-,Clear
IRANSHAHR,25/10/2010,21Z,18.8,14%,1011.3 Hpa,040º (NE),18.0,0/8,-,-,-,-,-,-,Clear
IRANSHAHR,25/10/2010,18Z,22.6,13%,1011.3 Hpa,010º (N),10.8,0/8,-,-,-,-,-,-,Clear
IRANSHAHR,25/10/2010,15Z,27.4,13%,1010.8 Hpa,270º (W ),7.2,0/8,-,-,-,-,33.4,-,Clear
IRANSHAHR,25/10/2010,12Z,33.0,8%,1009.3 Hpa,220º (SW),10.8,0/8,-,-,-,-,-,-,Clear
IRANSHAHR,25/10/2010,09Z,31.8,10%,1010.7 Hpa,270º (W ),7.2,0/8,-,-,-,-,-,-,Clear
IRANSHAHR,25/10/2010,06Z,27.4,13%,1013.0 Hpa,calm.,,0/8,-,-,-,-,-,-,Clear
IRANSHAHR,25/10/2010,03Z,16.4,18%,1012.4 Hpa,calm.,,0/8,-,-,-,-,-,14.8,Clear
IRANSHAHR,25/10/2010,00Z,17.2,20%,1010.0 Hpa,calm.,,0/8,-,-,-,-,-,-,Clear
JASK,25/10/2010,21Z,25.6,87%,1011.0 Hpa,calm.,,0/8,-,-,-,-,-,-,"Clear, mist"
JASK,25/10/2010,18Z,26.8,567%,1011.3 Hpa,calm.,,0/8,-,-,-,-,-,-,"Clear, haze"
JASK,25/10/2010,15Z,27.2,76%,1010.6 Hpa,calm.,,0/8,-,-,-,-,29.8,-,"Clear, haze"
JASK,25/10/2010,12Z,29.4,300%,1010.3 Hpa,180º (S ),10.8,0/8,-,-,-,-,-,-,"Clear, haze"
JASK,25/10/2010,09Z,28.8,76%,1011.0 Hpa,110º (E ),10.8,0/8,-,-,-,-,-,-,"Clear, haze"
JASK,25/10/2010,06Z,28.0,528%,1012.1 Hpa,090º (E ),10.8,0/8,-,-,-,-,-,-,"Clear, haze"
JASK,25/10/2010,03Z,26.0,82%,1010.6 Hpa,060º (NE),14.4,0/8,-,-,-,-,-,25.6,"Clear, mist"
JASK,25/10/2010,00Z,26.4,215%,1009.4 Hpa,060º (NE),18.0,0/8,-,-,-,-,-,-,"Clear, mist"
KAHNUJ,25/10/2010,21Z,25.0,49%,1007.8 Hpa,240º (SW),18.0,0/8,-,-,-,-,-,-,Clear
KAHNUJ,25/10/2010,18Z,24.8,44%,1007.8 Hpa,210º (SW),14.4,0/8,-,-,-,-,-,-,Clear
KAHNUJ,25/10/2010,15Z,27.4,26%,1007.5 Hpa,calm.,,0/8,-,-,-,-,36.2,-,Clear
KAHNUJ,25/10/2010,12Z,36.2,19%,1005.3 Hpa,120º (SE),10.8,0/8,-,-,-,-,-,-,Clear
KAHNUJ,25/10/2010,09Z,34.0,19%,1006.3 Hpa,120º (SE),14.4,0/8,-,-,-,-,-,-,Clear
KAHNUJ,25/10/2010,06Z,29.6,23%,1009.1 Hpa,calm.,,0/8,-,-,-,-,-,-,Clear
KAHNUJ,25/10/2010,03Z,15.4,48%,1008.5 Hpa,calm.,,0/8,-,-,-,-,-,15.0,Clear
KAHNUJ,25/10/2010,00Z,21.2,37%,1006.5 Hpa,calm.,,0/8,-,-,-,-,-,-,Clear
KASHAN,25/10/2010,21Z,16.2,33%,1016.3 Hpa,220º (SW),7.2,0/8,-,-,-,-,-,-,Clear
KASHAN,25/10/2010,18Z,18.0,29%,1016.9 Hpa,calm.,,0/8,-,-,-,-,-,-,Clear
KASHAN,25/10/2010,15Z,21.6,23%,1015.8 Hpa,calm.,,0/8,-,-,-,-,27.0,-,Clear
KASHAN,25/10/2010,12Z,26.8,16%,1015.0 Hpa,330º (NW),7.2,3/8,-,-,CI,-,-,-,Scattered clouds
KASHAN,25/10/2010,09Z,23.4,18%,1016.8 Hpa,280º (W ),10.8,0/8,-,-,-,-,-,-,Clear
KASHAN,25/10/2010,06Z,19.0,31%,1018.4 Hpa,310º (NW),14.4,0/8,-,-,-,-,-,-,Clear
KASHAN,25/10/2010,03Z,13.2,47%,1017.3 Hpa,calm.,,0/8,-,-,-,-,-,13.0,Clear
KASHAN,25/10/2010,00Z,15.4,40%,1014.5 Hpa,calm.,,0/8,-,-,-,-,-,-,Clear
KASHMAR,25/10/2010,21Z,15.2,35%,1015.5 Hpa,calm.,,0/8,-,-,-,-,-,-,Clear
KASHMAR,25/10/2010,18Z,17.6,23%,1016.3 Hpa,090º (E ),7.2,0/8,-,-,-,-,-,-,Clear
KASHMAR,25/10/2010,15Z,19.4,20%,1016.5 Hpa,calm.,,0/8,-,-,-,-,24.0,-,Clear
KASHMAR,25/10/2010,12Z,23.6,16%,1014.3 Hpa,calm.,,1/8,1/8 SC,-,-,-,-,-,Few clouds
KASHMAR,25/10/2010,09Z,22.4,17%,1015.0 Hpa,150º (SE),7.2,1/8,1/8 SC,-,-,-,-,-,Few clouds
KASHMAR,25/10/2010,06Z,18.6,16%,1017.1 Hpa,120º (SE),7.2,1/8,1/8 SC,-,-,-,-,-,Few clouds
KASHMAR,25/10/2010,03Z,11.4,34%,1016.8 Hpa,calm.,,0/8,-,-,-,-,-,10.8,Clear
KASHMAR,25/10/2010,00Z,13.4,26%,1013.8 Hpa,calm.,,0/8,-,-,-,-,-,-,Clear
KERMAN,25/10/2010,21Z,11.0,38%,1012.8 Hpa,calm.,,0/8,-,-,-,-,-,-,Clear
KERMAN,25/10/2010,18Z,15.8,29%,1013.3 Hpa,210º (SW),14.4,0/8,-,-,-,-,-,-,Clear
KERMAN,25/10/2010,15Z,20.4,22%,1015.4 Hpa,010º (N),10.8,0/8,-,-,-,-,26.0,-,Clear
KERMAN,25/10/2010,12Z,25.6,18%,1012.2 Hpa,360º (N ),14.4,0/8,-,-,-,-,-,-,Clear
KERMAN,25/10/2010,09Z,24.4,18%,1013.1 Hpa,330º (NW),14.4,0/8,-,-,-,-,-,-,Clear
KERMAN,25/10/2010,06Z,18.6,26%,1015.3 Hpa,130º (SE),7.2,0/8,-,-,-,-,-,-,Clear
KERMAN,25/10/2010,03Z,3.8,47%,1018.4 Hpa,calm.,,0/8,-,-,-,-,-,3.8,Clear
KERMAN,25/10/2010,00Z,4.8,41%,1014.9 Hpa,140º (SE),7.2,0/8,-,-,-,-,-,-,Clear
KERMANSHAH,25/10/2010,21Z,15.3,33%,1012.7 Hpa,120º (SE),7.2,6/8,-,-,CI,-,-,-,Cloudy
KERMANSHAH,25/10/2010,18Z,20.2,26%,1013.6 Hpa,290º (W ),14.4,6/8,-,-,CI,-,-,-,Cloudy
KERMANSHAH,25/10/2010,15Z,21.8,24%,1015.1 Hpa,300º (NW),14.4,6/8,-,-,CI,-,28.7,-,Cloudy
KERMANSHAH,25/10/2010,12Z,27.4,16%,1012.8 Hpa,300º (NW),14.4,6/8,-,-,CI,-,-,-,Cloudy
KERMANSHAH,25/10/2010,09Z,26.4,16%,1013.4 Hpa,270º (W ),10.8,6/8,-,-,CI,-,-,-,Cloudy
KERMANSHAH,25/10/2010,06Z,18.0,26%,1016.1 Hpa,calm.,,3/8,-,-,CI,-,-,-,Scattered clouds
KERMANSHAH,25/10/2010,03Z,7.8,42%,1015.6 Hpa,calm.,,0/8,-,-,-,-,-,7.8,Clear
KERMANSHAH,25/10/2010,00Z,10.6,40%,1013.4 Hpa,calm.,,0/8,-,-,-,-,-,-,Clear
KHARG,25/10/2010,15Z,28.0,80%,1009.3 Hpa,calm.,,1/8,-,-,CI,-,31.8,-,Few clouds
KHARG,25/10/2010,12Z,30.6,65%,1009.1 Hpa,270º (W ),7.2,1/8,-,-,CI,-,-,-,Few clouds
KHARG,25/10/2010,09Z,30.8,69%,1009.9 Hpa,calm.,,2/8,-,-,CI,-,-,-,"Few clouds, haze"
KHARG,25/10/2010,06Z,28.2,86%,1010.4 Hpa,calm.,,1/8,1/8 ST,-,-,-,-,-,"Few clouds, mist"
KHARG,25/10/2010,03Z,24.2,94%,1008.8 Hpa,calm.,,2/8,2/8 ST,-,-,-,-,24.2,"Few clouds, mist"
KHOR,25/10/2010,21Z,15.8,29%,1015.6 Hpa,calm.,,0/8,-,-,-,-,-,-,Clear
KHOR,25/10/2010,18Z,17.8,23%,1016.0 Hpa,calm.,,0/8,-,-,-,-,-,-,Clear
KHOR,25/10/2010,15Z,22.4,15%,1014.7 Hpa,calm.,,0/8,-,-,-,-,27.2,-,Clear
KHOR,25/10/2010,12Z,26.8,9%,1013.4 Hpa,050º (NE),7.2,0/8,-,-,-,-,-,-,Clear
KHOR,25/10/2010,09Z,24.4,18%,1015.0 Hpa,calm.,,0/8,-,-,-,-,-,-,Clear
KHOR,25/10/2010,06Z,19.4,25%,1016.9 Hpa,calm.,,0/8,-,-,-,-,-,-,Clear
KHOR,25/10/2010,03Z,14.0,20%,1015.8 Hpa,calm.,,0/8,-,-,-,-,-,13.4,Clear
KHOR,25/10/2010,00Z,15.4,22%,1013.6 Hpa,calm.,,0/8,-,-,-,-,-,-,Clear
KHORRAM ABAD,25/10/2010,21Z,13.0,38%,1013.7 Hpa,calm.,,3/8,-,-,CI,-,-,-,Scattered clouds
KHORRAM ABAD,25/10/2010,18Z,18.8,20%,1013.6 Hpa,160º (S ),7.2,2/8,-,-,CI,-,-,-,Few clouds
KHORRAM ABAD,25/10/2010,15Z,23.8,15%,1014.3 Hpa,calm.,,3/8,-,-,CI,-,30.8,-,Scattered clouds
KHORRAM ABAD,25/10/2010,12Z,29.4,12%,1012.8 Hpa,260º (W ),21.6,3/8,-,-,CI,-,-,-,Scattered clouds
KHORRAM ABAD,25/10/2010,09Z,28.4,13%,1014.0 Hpa,280º (W ),10.8,1/8,-,-,CI,-,-,-,Few clouds
KHORRAM ABAD,25/10/2010,06Z,21.2,19%,1016.2 Hpa,calm.,,0/8,-,-,-,-,-,-,Clear
KHORRAM ABAD,25/10/2010,03Z,10.0,35%,1017.0 Hpa,calm.,,0/8,-,-,-,-,-,8.2,Clear
KHORRAM ABAD,25/10/2010,00Z,10.0,39%,1014.1 Hpa,calm.,,0/8,-,-,-,-,-,-,Clear
KHOY,25/10/2010,21Z,14.0,72%,1015.1 Hpa,calm.,,4/8,4/8 CU,-,-,-,-,-,Scattered clouds
KHOY,25/10/2010,18Z,15.0,71%,1015.6 Hpa,calm.,,5/8,2/8 CB,-,-,0.5(6h),-,-,Cloudy
KHOY,25/10/2010,15Z,19.0,45%,1015.7 Hpa,calm.,,5/8,2/8 CB,-,-,-,22.4,-,Cloudy
KHOY,25/10/2010,12Z,21.4,38%,1014.4 Hpa,010º (N),7.2,5/8,1/8 CU,-,CI,-,-,-,Cloudy
KHOY,25/10/2010,09Z,19.2,48%,1016.4 Hpa,Vble.,,4/8,1/8 CU,-,CI,-,-,-,Scattered clouds
KHOY,25/10/2010,06Z,14.2,64%,1018.2 Hpa,calm.,,3/8,-,-,CI,-,-,-,Scattered clouds
KHOY,25/10/2010,03Z,6.8,85%,1017.4 Hpa,calm.,,0/8,-,-,-,-,-,6.8,Clear
KHOY,25/10/2010,00Z,9.4,87%,1017.2 Hpa,calm.,,0/8,-,-,-,-,-,-,Clear
KISH ISLAND,25/10/2010,21Z,27.0,85%,1010.2 Hpa,310º (NW),7.2,0/8,-,-,-,-,-,-,"Clear, mist"
KISH ISLAND,25/10/2010,18Z,27.4,82%,1010.4 Hpa,calm.,,0/8,-,-,-,-,-,-,"Clear, mist"
KISH ISLAND,25/10/2010,15Z,29.4,78%,1009.7 Hpa,calm.,,0/8,-,-,-,-,33.8,-,"Clear, haze"
KISH ISLAND,25/10/2010,12Z,32.2,70%,1009.1 Hpa,190º (S ),10.8,1/8,1/8 CU,-,-,-,-,-,"Few clouds, haze"
KISH ISLAND,25/10/2010,09Z,32.4,66%,1010.0 Hpa,150º (SE),10.8,4/8,4/8 CU,-,-,-,-,-,"Scattered clouds, haze"
KISH ISLAND,25/10/2010,06Z,31.2,78%,1010.7 Hpa,120º (SE),14.4,1/8,1/8 CU,-,-,-,-,-,"Few clouds, haze"
KISH ISLAND,25/10/2010,03Z,26.8,100%,1008.9 Hpa,calm.,,0/8,-,-,-,-,-,25.8,"Clear, mist"
KISH ISLAND,25/10/2010,00Z,27.0,100%,1007.7 Hpa,calm.,,0/8,-,-,-,-,-,-,"Clear, mist"
MAKKO,25/10/2010,21Z,12.0,67%,1015.8 Hpa,calm.,,2/8,-,-,CI,-,-,-,Few clouds
MAKKO,25/10/2010,18Z,12.2,67%,1016.5 Hpa,calm.,,2/8,-,-,CI,-,-,-,Few clouds
MAKKO,25/10/2010,15Z,15.2,53%,1016.8 Hpa,calm.,,4/8,2/8 SC,-,CI,-,19.2,-,Scattered clouds
MAKKO,25/10/2010,12Z,18.6,45%,1015.0 Hpa,090º (E ),18.0,4/8,2/8 CU,-,CI,-,-,-,Scattered clouds
MAKKO,25/10/2010,09Z,17.2,50%,1016.2 Hpa,120º (SE),10.8,3/8,2/8 CU,-,CI,-,-,-,Scattered clouds
MAKKO,25/10/2010,06Z,12.2,65%,1018.0 Hpa,360º (N ),7.2,3/8,3/8 SC,-,-,-,-,-,Scattered clouds
MAKKO,25/10/2010,03Z,7.2,86%,1017.3 Hpa,calm.,,1/8,1/8 CU,-,-,-,-,7.0,Few clouds
MAKKO,25/10/2010,00Z,10.0,76%,1015.6 Hpa,calm.,,3/8,3/8 SC,-,-,-,-,-,Scattered clouds
MARAGHEH,25/10/2010,21Z,14.4,43%,1013.3 Hpa,120º (SE),14.4,5/8,3/8 SC,AC,-,-,-,-,Cloudy
MARAGHEH,25/10/2010,18Z,15.6,44%,1013.6 Hpa,190º (S ),10.8,5/8,2/8 SC,-,CI,-,-,-,Cloudy
MARAGHEH,25/10/2010,15Z,18.4,40%,1014.3 Hpa,090º (E ),10.8,4/8,1/8 SC,AC,CC,-,23.6,-,Scattered clouds
MARAGHEH,25/10/2010,12Z,22.4,35%,1013.1 Hpa,calm.,,3/8,1/8 SC,-,CS,-,-,-,Scattered clouds
MARAGHEH,25/10/2010,09Z,20.2,39%,1014.8 Hpa,300º (NW),7.2,5/8,-,-,CI,-,-,-,Cloudy
MARAGHEH,25/10/2010,06Z,16.6,55%,1016.7 Hpa,140º (SE),14.4,5/8,1/8 SC,-,CI,-,-,-,Cloudy
MARAGHEH,25/10/2010,03Z,11.0,,1015.5 Hpa,090º (E ),14.4,3/8,-,-,CI,-,-,10.4,Scattered clouds
MARAGHEH,25/10/2010,00Z,13.0,,1012.8 Hpa,080º (E ),14.4,0/8,-,-,-,-,-,-,Clear
MARAVEH-TAPPEH,25/10/2010,21Z,16.4,77%,1022.5 Hpa,150º (SE),10.8,7/8,-,7/8 AC,-,-,-,-,Cloudy
MARAVEH-TAPPEH,25/10/2010,18Z,16.8,74%,1022.6 Hpa,190º (S ),7.2,6/8,-,6/8 AC,-,-,-,-,Cloudy
MARAVEH-TAPPEH,25/10/2010,15Z,17.4,78%,1022.3 Hpa,calm.,,6/8,3/8 SC,AC,-,-,18.8,-,Cloudy
MARAVEH-TAPPEH,25/10/2010,12Z,18.0,76%,1021.8 Hpa,250º (W ),7.2,7/8,3/8 SC,AC,-,0.1(6h),-,-,Cloudy
MARAVEH-TAPPEH,25/10/2010,09Z,15.6,93%,1022.7 Hpa,calm.,,8/8,6/8 ST,AC,,-,-,-,"Overcast, drizzle"
MARAVEH-TAPPEH,25/10/2010,06Z,15.6,89%,1023.0 Hpa,330º (NW),32.4,8/8,5/8 CB,AC,,-,-,-,Overcast
MARAVEH-TAPPEH,25/10/2010,03Z,14.6,88%,1022.4 Hpa,calm.,,8/8,4/8 ST,AC,,-,-,14.0,Overcast
MARAVEH-TAPPEH,25/10/2010,00Z,15.6,75%,1021.7 Hpa,calm.,,8/8,1/8 SC,AC,,-,-,-,Overcast
MASHHAD,25/10/2010,21Z,11.7,49%,1020.0 Hpa,170º (S ),7.2,0/8,-,-,-,-,-,-,Clear
MASHHAD,25/10/2010,18Z,13.3,46%,1020.4 Hpa,140º (SE),10.8,1/8,-,1/8 AC,-,-,-,-,Few clouds
MASHHAD,25/10/2010,15Z,15.6,41%,1020.9 Hpa,130º (SE),18.0,3/8,-,2/8 AC,CI,-,22.4,-,Scattered clouds
MASHHAD,25/10/2010,12Z,20.2,27%,1018.7 Hpa,140º (SE),28.8,3/8,-,-,CI,-,-,-,Scattered clouds
MASHHAD,25/10/2010,09Z,20.8,28%,1019.1 Hpa,150º (SE),10.8,1/8,-,1/8 AC,CI,-,-,-,Few clouds
MASHHAD,25/10/2010,06Z,16.6,24%,1020.8 Hpa,110º (E ),7.2,2/8,-,2/8 AC,-,-,-,-,Few clouds
MASHHAD,25/10/2010,03Z,8.4,40%,1021.4 Hpa,190º (S ),7.2,1/8,-,1/8 AC,-,-,-,7.4,Few clouds
MASHHAD,25/10/2010,00Z,9.2,40%,1019.3 Hpa,260º (W ),10.8,0/8,-,-,-,-,-,-,Clear
MASJED-SOLEYMAN,25/10/2010,21Z,25.6,26%,1009.6 Hpa,140º (SE),10.8,0/8,-,-,-,-,-,-,Clear
MASJED-SOLEYMAN,25/10/2010,18Z,27.2,28%,1009.5 Hpa,calm.,,0/8,-,-,-,-,-,-,Clear
MASJED-SOLEYMAN,25/10/2010,15Z,31.8,28%,1008.4 Hpa,calm.,,0/8,-,-,-,-,38.0,-,Clear
MASJED-SOLEYMAN,25/10/2010,12Z,36.0,12%,1008.8 Hpa,240º (SW),10.8,0/8,-,-,-,-,-,-,Clear
MASJED-SOLEYMAN,25/10/2010,09Z,35.4,14%,1009.5 Hpa,calm.,,0/8,-,-,-,-,-,-,Clear
MASJED-SOLEYMAN,25/10/2010,06Z,26.6,20%,1010.2 Hpa,calm.,,0/8,-,-,-,-,-,-,Clear
MASJED-SOLEYMAN,25/10/2010,03Z,21.2,28%,1008.0 Hpa,calm.,,0/8,-,-,-,-,-,21.0,Clear
MASJED-SOLEYMAN,25/10/2010,00Z,24.4,25%,1006.9 Hpa,calm.,,0/8,-,-,-,-,-,-,Clear
MEYANEH,25/10/2010,21Z,12.8,73%,1016.9 Hpa,calm.,,4/8,-,-,CI,-,-,-,Scattered clouds
MEYANEH,25/10/2010,18Z,14.4,65%,1017.3 Hpa,calm.,,3/8,-,-,CI,-,-,-,Scattered clouds
MEYANEH,25/10/2010,15Z,17.4,54%,1016.1 Hpa,calm.,,1/8,-,-,CI,-,21.0,-,Few clouds
MEYANEH,25/10/2010,12Z,19.6,45%,1014.6 Hpa,090º (E ),7.2,4/8,1/8 CU,-,CI,-,-,-,Scattered clouds
MEYANEH,25/10/2010,09Z,19.0,50%,1017.1 Hpa,090º (E ),7.2,2/8,1/8 CU,-,CI,-,-,-,Few clouds
MEYANEH,25/10/2010,06Z,16.0,45%,1019.0 Hpa,060º (NE),7.2,0/8,-,-,-,80.1(24h),-,-,Clear
MEYANEH,25/10/2010,03Z,9.4,,1018.0 Hpa,calm.,,1/8,1/8 SC,-,-,-,-,9.4,Few clouds
MEYANEH,25/10/2010,00Z,12.0,72%,1015.6 Hpa,calm.,,0/8,-,-,-,-,-,-,Clear
MOHABAD,25/10/2010,21Z,13.6,44%,1014.2 Hpa,calm.,,0/8,-,-,-,-,-,-,Clear
MOHABAD,25/10/2010,18Z,15.2,41%,1014.5 Hpa,calm.,,0/8,-,-,-,-,-,-,Clear
MOHABAD,25/10/2010,15Z,18.4,34%,1014.9 Hpa,calm.,,2/8,-,-,CI,-,22.8,-,Few clouds
MOHABAD,25/10/2010,12Z,22.8,30%,1013.5 Hpa,030º (NE),7.2,2/8,-,-,CI,-,-,-,Few clouds
MOHABAD,25/10/2010,09Z,20.6,34%,1015.3 Hpa,calm.,,5/8,1/8 SC,-,CI,-,-,-,Cloudy
MOHABAD,25/10/2010,06Z,15.8,37%,1016.4 Hpa,calm.,,0/8,-,-,-,-,-,-,Clear
MOHABAD,25/10/2010,03Z,7.6,61%,1016.1 Hpa,calm.,,0/8,-,-,-,-,-,7.6,Clear
MOHABAD,25/10/2010,00Z,8.8,55%,1014.6 Hpa,calm.,,0/8,-,-,-,-,-,-,Clear
NEHBANDAN,25/10/2010,21Z,12.0,32%,1016.8 Hpa,calm.,,0/8,-,-,-,-,-,-,Clear
NEHBANDAN,25/10/2010,18Z,17.0,28%,1017.1 Hpa,030º (NE),10.8,0/8,-,-,-,-,-,-,Clear
NEHBANDAN,25/10/2010,15Z,20.6,22%,1017.9 Hpa,150º (SE),10.8,0/8,-,-,-,-,29.0,-,Clear
NEHBANDAN,25/10/2010,12Z,28.4,18%,1013.6 Hpa,240º (SW),10.8,0/8,-,-,-,-,-,-,Clear
NEHBANDAN,25/10/2010,09Z,26.6,13%,1014.8 Hpa,030º (NE),18.0,0/8,-,-,-,-,-,-,Clear
NEHBANDAN,25/10/2010,06Z,20.8,16%,1017.5 Hpa,calm.,,0/8,-,-,-,-,-,-,Clear
NEHBANDAN,25/10/2010,03Z,9.2,29%,1018.4 Hpa,calm.,,0/8,-,-,-,-,-,9.2,Clear
NEHBANDAN,25/10/2010,00Z,10.8,23%,1015.0 Hpa,calm.,,0/8,-,-,-,-,-,-,Clear
NOSHAHR,25/10/2010,21Z,17.6,92%,1021.3 Hpa,280º (W ),7.2,8/8,8/8 ST,,,-,-,-,Overcast
NOSHAHR,25/10/2010,18Z,17.7,90%,1021.5 Hpa,calm.,,8/8,8/8 ST,,,-,-,-,Overcast
NOSHAHR,25/10/2010,15Z,17.6,92%,1021.4 Hpa,calm.,,8/8,6/8 SC,AC,,-,18.6,-,Overcast
NOSHAHR,25/10/2010,12Z,18.6,82%,1021.3 Hpa,calm.,,8/8,6/8 ST,AC,,0.1(6h),-,-,Overcast
NOSHAHR,25/10/2010,09Z,17.7,96%,1021.8 Hpa,120º (SE),7.2,8/8,6/8 CB,AC,,-,-,-,"Overcast, drizzle"
NOSHAHR,25/10/2010,06Z,17.8,92%,1022.1 Hpa,calm.,,8/8,6/8 CB,AC,,2.0(6h),-,-,Overcast
NOSHAHR,25/10/2010,03Z,16.6,98%,1021.3 Hpa,calm.,,8/8,5/8 CB,AC,,-,-,16.0,"Overcast, drizzle"
NOSHAHR,25/10/2010,00Z,16.4,98%,1021.1 Hpa,280º (W ),7.2,8/8,5/8 CB,AC,,4.0(6h),-,-,"Overcast, drizzle"
OMIDYEH-AGHAJARI,25/10/2010,21Z,23.4,81%,1011.2 Hpa,140º (SE),10.8,0/8,-,-,-,-,-,-,Clear
OMIDYEH-AGHAJARI,25/10/2010,18Z,25.8,57%,1011.1 Hpa,140º (SE),10.8,4/8,-,-,CI,-,-,-,Scattered clouds
OMIDYEH-AGHAJARI,25/10/2010,15Z,31.6,36%,1009.8 Hpa,220º (SW),10.8,6/8,-,-,CI,-,37.4,-,Cloudy
OMIDYEH-AGHAJARI,25/10/2010,12Z,37.2,35%,1009.6 Hpa,280º (W ),10.8,5/8,-,-,CI,-,-,-,Cloudy
OMIDYEH-AGHAJARI,25/10/2010,09Z,33.4,46%,1011.3 Hpa,230º (SW),10.8,0/8,-,-,-,-,-,-,Clear
OMIDYEH-AGHAJARI,25/10/2010,06Z,27.8,46%,1011.8 Hpa,calm.,,2/8,-,-,CI,-,-,-,Few clouds
OMIDYEH-AGHAJARI,25/10/2010,03Z,20.2,60%,1010.2 Hpa,calm.,,0/8,-,-,-,-,-,19.0,Clear
OMIDYEH-AGHAJARI,25/10/2010,00Z,20.8,73%,1010.0 Hpa,150º (SE),18.0,0/8,-,-,-,-,-,-,Clear
ORUMIEH,25/10/2010,21Z,12.9,63%,1015.8 Hpa,340º (N ),28.8,5/8,5/8 CB,-,CI,-,-,-,"Cloudy, thunderstorm"
ORUMIEH,25/10/2010,18Z,10.3,72%,1016.2 Hpa,020º (N),7.2,2/8,-,-,CI,-,-,-,Few clouds
ORUMIEH,25/10/2010,15Z,12.2,66%,1017.2 Hpa,calm.,,2/8,-,-,CI,-,21.0,-,Few clouds
ORUMIEH,25/10/2010,12Z,20.8,35%,1014.7 Hpa,180º (S ),10.8,4/8,3/8 SC,-,CI,-,-,-,Scattered clouds
ORUMIEH,25/10/2010,09Z,19.3,43%,1016.3 Hpa,120º (SE),10.8,6/8,3/8 SC,-,CI,-,-,-,Cloudy
ORUMIEH,25/10/2010,06Z,17.0,49%,1017.7 Hpa,060º (NE),7.2,4/8,-,-,CI,-,-,-,Scattered clouds
ORUMIEH,25/10/2010,03Z,8.1,73%,1018.1 Hpa,270º (W ),10.8,0/8,-,-,-,-,-,7.0,Clear
ORUMIEH,25/10/2010,00Z,8.9,72%,1014.8 Hpa,270º (W ),14.4,0/8,-,-,-,-,-,-,Clear
PARS ABAD MOGHAN,25/10/2010,21Z,15.6,82%,1022.3 Hpa,calm.,,8/8,4/8 SC,AC,,-,-,-,Overcast
PARS ABAD MOGHAN,25/10/2010,18Z,16.2,79%,1022.3 Hpa,calm.,,8/8,4/8 SC,AC,,-,-,-,Overcast
PARS ABAD MOGHAN,25/10/2010,15Z,17.6,72%,1022.0 Hpa,110º (E ),10.8,8/8,4/8 SC,AC,,-,19.4,-,Overcast
PARS ABAD MOGHAN,25/10/2010,12Z,19.2,66%,1021.9 Hpa,calm.,,7/8,4/8 SC,AC,-,-,-,-,Cloudy
PARS ABAD MOGHAN,25/10/2010,09Z,17.8,72%,1022.6 Hpa,calm.,,8/8,4/8 SC,AC,,-,-,-,Overcast
PARS ABAD MOGHAN,25/10/2010,06Z,16.2,79%,1023.1 Hpa,calm.,,8/8,4/8 SC,AC,,-,-,-,Overcast
PARS ABAD MOGHAN,25/10/2010,03Z,15.2,82%,1022.1 Hpa,calm.,,8/8,4/8 SC,AC,,-,-,15.0,Overcast
PARS ABAD MOGHAN,25/10/2010,00Z,15.6,78%,1022.4 Hpa,calm.,,8/8,4/8 SC,AC,,-,-,-,Overcast
RAMSAR,25/10/2010,21Z,17.0,95%,1020.8 Hpa,250º (W ),7.2,8/8,6/8 ST,AC,,-,-,-,"Overcast, drizzle"
RAMSAR,25/10/2010,18Z,16.8,95%,1021.2 Hpa,Vble.,,8/8,7/8 CB,AC,,1.0(6h),-,-,"Overcast, drizzle"
RAMSAR,25/10/2010,15Z,18.2,85%,1021.3 Hpa,140º (SE),10.8,8/8,3/8 SC,AC,,-,19.8,-,"Overcast, rain"
RAMSAR,25/10/2010,12Z,19.6,77%,1020.7 Hpa,350º (N ),7.2,7/8,3/8 SC,AC,-,0.3(6h),-,-,Cloudy
RAMSAR,25/10/2010,09Z,19.2,79%,-,calm.,,8/8,-,-,-,-,-,-,Overcast
RAMSAR,25/10/2010,06Z,16.4,93%,1022.3 Hpa,140º (SE),7.2,8/8,6/8 ST,AC,,0.1(6h),-,-,"Overcast, drizzle"
RAMSAR,25/10/2010,03Z,17.0,91%,1021.5 Hpa,Vble.,,8/8,6/8 ST,AC,,-,-,15.8,"Overcast, drizzle"
RAMSAR,25/10/2010,00Z,17.6,85%,1021.0 Hpa,calm.,,8/8,4/8 SC,AC,,Tr(6h),-,-,Overcast
RASHT,25/10/2010,21Z,16.2,93%,1023.1 Hpa,calm.,,8/8,5/8 CB,AC,,-,-,-,"Overcast, mist"
RASHT,25/10/2010,18Z,16.4,93%,1023.4 Hpa,calm.,,8/8,6/8 CB,AC,,-,-,-,"Overcast, mist"
RASHT,25/10/2010,15Z,17.0,89%,1022.9 Hpa,calm.,,8/8,6/8 CB,AC,,-,19.2,-,"Overcast, mist"
RASHT,25/10/2010,12Z,18.6,80%,1022.3 Hpa,calm.,,7/8,5/8 CB,AC,-,Tr(6h),-,-,"Cloudy, mist"
RASHT,25/10/2010,09Z,17.0,91%,-,050º (NE),7.2,8/8,-,-,-,-,-,-,Overcast
RASHT,25/10/2010,06Z,16.2,93%,1024.0 Hpa,270º (W ),7.2,8/8,6/8 CB,AC,,0.2(24h),-,-,"Overcast, mist"
RASHT,25/10/2010,03Z,15.4,97%,1023.0 Hpa,Vble.,,8/8,7/8 ST,AC,,-,-,15.0,Overcast
RASHT,25/10/2010,00Z,15.4,95%,1023.0 Hpa,Vble.,,8/8,4/8 SC,AC,,-,-,-,Overcast
SABZEVAR,25/10/2010,21Z,14.4,42%,1016.9 Hpa,090º (E ),14.4,0/8,-,-,-,-,-,-,Clear
SABZEVAR,25/10/2010,18Z,17.6,30%,1016.8 Hpa,090º (E ),25.2,1/8,1/8 SC,-,-,-,-,-,Few clouds
SABZEVAR,25/10/2010,15Z,19.0,33%,1017.0 Hpa,350º (N ),7.2,1/8,1/8 SC,-,-,-,27.0,-,Few clouds
SABZEVAR,25/10/2010,12Z,27.0,14%,1014.4 Hpa,calm.,,1/8,-,-,-,-,-,-,Few clouds
SABZEVAR,25/10/2010,09Z,23.4,22%,1016.1 Hpa,130º (SE),10.8,1/8,-,-,CI,-,-,-,Few clouds
SABZEVAR,25/10/2010,06Z,18.6,32%,1018.1 Hpa,110º (E ),18.0,0/8,-,-,-,-,-,-,Clear
SABZEVAR,25/10/2010,03Z,11.4,28%,1018.3 Hpa,090º (E ),7.2,1/8,1/8 CU,-,-,-,-,11.0,Few clouds
SABZEVAR,25/10/2010,00Z,14.0,20%,1015.2 Hpa,090º (E ),18.0,0/8,-,-,-,-,-,-,Clear
SAFI-ABAD DEZFUL,25/10/2010,21Z,20.8,61%,1010.3 Hpa,090º (E ),7.2,0/8,-,-,-,-,-,-,Clear
SAFI-ABAD DEZFUL,25/10/2010,18Z,23.4,59%,1010.1 Hpa,120º (SE),7.2,0/8,-,-,-,-,-,-,Clear
SAFI-ABAD DEZFUL,25/10/2010,15Z,30.0,47%,1009.2 Hpa,090º (E ),7.2,2/8,-,-,CI,-,36.0,-,Few clouds
SAFI-ABAD DEZFUL,25/10/2010,12Z,35.2,23%,1009.2 Hpa,160º (S ),7.2,1/8,-,-,CI,-,-,-,Few clouds
SAFI-ABAD DEZFUL,25/10/2010,09Z,33.0,29%,1010.8 Hpa,140º (SE),7.2,0/8,-,-,-,-,-,-,Clear
SAFI-ABAD DEZFUL,25/10/2010,06Z,26.6,39%,1011.7 Hpa,090º (E ),7.2,0/8,-,-,-,-,-,-,Clear
SAFI-ABAD DEZFUL,25/10/2010,03Z,18.4,53%,1010.1 Hpa,090º (E ),10.8,0/8,-,-,-,-,-,17.6,Clear
SAFI-ABAD DEZFUL,25/10/2010,00Z,20.6,48%,1008.7 Hpa,070º (E ),14.4,0/8,-,-,-,-,-,-,Clear
SAGHEZ,25/10/2010,21Z,9.6,34%,1015.0 Hpa,calm.,,0/8,-,-,-,-,-,-,Clear
SAGHEZ,25/10/2010,18Z,12.4,27%,1016.7 Hpa,120º (SE),10.8,1/8,-,-,CI,-,-,-,Few clouds
SAGHEZ,25/10/2010,15Z,21.0,19%,1016.2 Hpa,260º (W ),10.8,3/8,-,2/8 AC,CI,-,24.0,-,Scattered clouds
SAGHEZ,25/10/2010,12Z,24.0,16%,1014.7 Hpa,210º (SW),10.8,5/8,2/8 CU,AC,CI,-,-,-,Cloudy
SAGHEZ,25/10/2010,09Z,23.0,29%,1015.2 Hpa,280º (W ),7.2,4/8,-,-,CI,-,-,-,Scattered clouds
SAGHEZ,25/10/2010,06Z,13.0,47%,1016.2 Hpa,calm.,,5/8,-,-,CI,-,-,-,Cloudy
SAGHEZ,25/10/2010,03Z,3.8,57%,1017.0 Hpa,calm.,,0/8,-,-,-,-,-,3.0,Clear
SAGHEZ,25/10/2010,00Z,5.4,47%,1014.7 Hpa,calm.,,0/8,-,-,-,-,-,-,Clear
SANANDAJ,25/10/2010,21Z,13.6,46%,1013.5 Hpa,calm.,,6/8,-,-,CI,-,-,-,Cloudy
SANANDAJ,25/10/2010,18Z,15.8,33%,1014.5 Hpa,040º (NE),7.2,5/8,-,-,CI,-,-,-,Cloudy
SANANDAJ,25/10/2010,15Z,20.8,19%,1014.6 Hpa,calm.,,4/8,-,2/8 AC,CI,-,27.2,-,Scattered clouds
SANANDAJ,25/10/2010,12Z,26.0,15%,1012.1 Hpa,calm.,,5/8,-,2/8 AC,CI,-,-,-,Cloudy
SANANDAJ,25/10/2010,09Z,22.0,26%,1013.8 Hpa,190º (S ),7.2,4/8,-,-,CI,-,-,-,Scattered clouds
SANANDAJ,25/10/2010,06Z,15.2,38%,1016.5 Hpa,calm.,,2/8,-,-,CI,-,-,-,Few clouds
SANANDAJ,25/10/2010,03Z,5.8,63%,1016.2 Hpa,calm.,,3/8,-,-,CI,-,-,5.8,Scattered clouds
SANANDAJ,25/10/2010,00Z,7.8,66%,1013.2 Hpa,calm.,,0/8,-,-,-,-,-,-,Clear
SARAB,25/10/2010,21Z,6.0,86%,1017.2 Hpa,calm.,,4/8,-,-,CI,-,-,-,Scattered clouds
SARAB,25/10/2010,18Z,8.4,75%,1019.2 Hpa,Vble.,,2/8,-,-,CI,-,-,-,Few clouds
SARAB,25/10/2010,15Z,13.0,58%,1019.8 Hpa,100º (E ),14.4,3/8,1/8 SC,AC,CI,-,20.4,-,Scattered clouds
SARAB,25/10/2010,12Z,19.2,30%,1016.7 Hpa,250º (W ),7.2,7/8,1/8 CU,-,CI,-,-,-,Cloudy
SARAB,25/10/2010,09Z,17.6,43%,1017.6 Hpa,Vble.,,4/8,1/8 CU,-,CI,-,-,-,Scattered clouds
SARAB,25/10/2010,06Z,9.6,67%,1019.9 Hpa,Vble.,,2/8,-,1/8 AC,CI,-,-,-,Few clouds
SARAB,25/10/2010,03Z,1.4,93%,1021.7 Hpa,Vble.,,2/8,1/8 SC,AC,-,-,-,1.4,Few clouds
SARAB,25/10/2010,00Z,3.2,93%,1017.4 Hpa,calm.,,0/8,-,-,-,-,-,-,Clear
SARAKHS,25/10/2010,21Z,11.6,44%,1023.0 Hpa,calm.,,2/8,-,-,CI,-,-,-,Few clouds
SARAKHS,25/10/2010,18Z,13.8,44%,1023.1 Hpa,calm.,,5/8,4/8 CB,-,CI,-,-,-,Cloudy
SARAKHS,25/10/2010,15Z,18.8,24%,1022.3 Hpa,360º (N ),10.8,4/8,4/8 CB,-,-,-,23.8,-,Scattered clouds
SARAKHS,25/10/2010,12Z,23.0,20%,1021.1 Hpa,360º (N ),7.2,0/8,-,-,-,-,-,-,Clear
SARAKHS,25/10/2010,09Z,22.2,18%,1021.5 Hpa,270º (W ),10.8,0/8,-,-,-,-,-,-,Clear
SARAKHS,25/10/2010,06Z,18.6,25%,1023.0 Hpa,calm.,,1/8,1/8 CU,-,-,-,-,-,Few clouds
SARAKHS,25/10/2010,03Z,7.4,50%,1022.3 Hpa,170º (S ),7.2,0/8,-,-,-,-,-,7.0,Clear
SARAKHS,25/10/2010,00Z,7.2,55%,1020.9 Hpa,calm.,,0/8,-,-,-,-,-,-,Clear
SARAVAN,25/10/2010,21Z,13.2,11%,1015.5 Hpa,300º (NW),10.8,0/8,-,-,-,-,-,-,Clear
SARAVAN,25/10/2010,18Z,21.2,6%,1014.9 Hpa,330º (NW),7.2,0/8,-,-,-,-,-,-,Clear
SARAVAN,25/10/2010,15Z,23.0,8%,1016.1 Hpa,070º (E ),14.4,0/8,-,-,-,-,29.5,-,Clear
SARAVAN,25/10/2010,12Z,29.0,6%,1013.5 Hpa,050º (NE),10.8,0/8,-,-,-,-,-,-,Clear
SARAVAN,25/10/2010,09Z,27.7,8%,1013.5 Hpa,220º (SW),10.8,0/8,-,-,-,-,-,-,Clear
SARAVAN,25/10/2010,06Z,23.4,8%,1014.6 Hpa,310º (NW),7.2,0/8,-,-,-,-,-,-,Clear
SARAVAN,25/10/2010,03Z,11.1,10%,1016.6 Hpa,330º (NW),14.4,0/8,-,-,-,-,-,8.7,Clear
SARAVAN,25/10/2010,00Z,9.8,10%,1014.4 Hpa,340º (N ),10.8,0/8,-,-,-,-,-,-,Clear
SEMNAN,25/10/2010,21Z,15.2,47%,1015.0 Hpa,calm.,,1/8,-,-,CI,-,-,-,Few clouds
SEMNAN,25/10/2010,18Z,17.4,43%,1014.8 Hpa,340º (N ),3.6,4/8,-,-,CI,-,-,-,Scattered clouds
SEMNAN,25/10/2010,15Z,21.4,31%,1015.2 Hpa,calm.,,4/8,2/8 CU,-,CI,-,25.4,-,Scattered clouds
SEMNAN,25/10/2010,12Z,25.4,24%,1012.7 Hpa,240º (SW),3.6,1/8,1/8 CU,-,-,-,-,-,Few clouds
SEMNAN,25/10/2010,09Z,24.4,28%,1014.2 Hpa,280º (W ),7.2,0/8,-,-,-,-,-,-,Clear
SEMNAN,25/10/2010,06Z,22.0,32%,1015.3 Hpa,220º (SW),7.2,0/8,-,-,-,-,-,-,Clear
SEMNAN,25/10/2010,03Z,13.8,51%,1015.8 Hpa,350º (N ),3.6,1/8,-,-,CI,-,-,13.6,Few clouds
SEMNAN,25/10/2010,00Z,15.4,43%,1013.8 Hpa,330º (NW),7.2,0/8,-,-,-,-,-,-,Clear
SHAHRE-KORD,25/10/2010,21Z,6.2,48%,1013.0 Hpa,calm.,,0/8,-,-,-,-,-,-,Clear
SHAHRE-KORD,25/10/2010,18Z,12.4,33%,1014.6 Hpa,320º (NW),7.2,1/8,-,-,CI,-,-,-,Few clouds
SHAHRE-KORD,25/10/2010,15Z,15.4,31%,1018.1 Hpa,calm.,,0/8,-,-,-,-,24.2,-,Clear
SHAHRE-KORD,25/10/2010,12Z,23.6,15%,1013.1 Hpa,080º (E ),14.4,1/8,-,-,CI,-,-,-,Few clouds
SHAHRE-KORD,25/10/2010,09Z,23.2,18%,1014.3 Hpa,080º (E ),7.2,0/8,-,-,-,-,-,-,Clear
SHAHRE-KORD,25/10/2010,06Z,14.0,34%,1016.4 Hpa,calm.,,0/8,-,-,-,-,-,-,Clear
SHAHRE-KORD,25/10/2010,03Z,0.2,65%,1019.1 Hpa,calm.,,0/8,-,-,-,-,-,0.2,Clear
SHAHRE-KORD,25/10/2010,00Z,3.6,109%,1013.8 Hpa,calm.,,0/8,-,-,-,-,-,-,Clear
SHAHRUD,25/10/2010,21Z,12.4,67%,1017.3 Hpa,020º (N),14.4,4/8,4/8 SC,-,-,-,-,-,Scattered clouds
SHAHRUD,25/10/2010,18Z,13.0,64%,1018.3 Hpa,090º (E ),10.8,3/8,3/8 SC,-,-,-,-,-,Scattered clouds
SHAHRUD,25/10/2010,15Z,16.0,54%,1017.9 Hpa,020º (N),10.8,1/8,1/8 SC,-,-,-,20.2,-,Few clouds
SHAHRUD,25/10/2010,12Z,20.0,40%,1015.7 Hpa,050º (NE),10.8,2/8,2/8 SC,-,-,-,-,-,Few clouds
SHAHRUD,25/10/2010,09Z,19.0,43%,1016.4 Hpa,090º (E ),21.6,1/8,1/8 CU,-,-,-,-,-,Few clouds
SHAHRUD,25/10/2010,06Z,15.8,58%,1018.7 Hpa,080º (E ),10.8,2/8,1/8 CU,-,-,-,-,-,Few clouds
SHAHRUD,25/10/2010,03Z,11.6,72%,1017.5 Hpa,calm.,,0/8,-,-,-,-,-,11.2,Clear
SHAHRUD,25/10/2010,00Z,11.6,72%,1015.3 Hpa,040º (NE),10.8,2/8,2/8 SC,-,-,-,-,-,Few clouds
SHIRAZ,25/10/2010,21Z,20.2,35%,1008.7 Hpa,340º (N ),7.2,0/8,-,-,-,-,-,-,Clear
SHIRAZ,25/10/2010,18Z,22.6,19%,1009.9 Hpa,300º (NW),7.2,0/8,-,-,-,-,-,-,Clear
SHIRAZ,25/10/2010,15Z,24.2,14%,1011.4 Hpa,calm.,,1/8,-,-,CI,-,30.2,-,Few clouds
SHIRAZ,25/10/2010,12Z,30.0,13%,1008.9 Hpa,120º (SE),14.4,0/8,-,-,-,-,-,-,Clear
SHIRAZ,25/10/2010,09Z,27.8,13%,1010.3 Hpa,120º (SE),7.2,0/8,-,-,-,-,-,-,Clear
SHIRAZ,25/10/2010,06Z,20.0,27%,1012.8 Hpa,calm.,,0/8,-,-,-,-,-,-,Clear
SHIRAZ,25/10/2010,03Z,9.6,57%,1013.9 Hpa,calm.,,0/8,-,-,-,-,-,9.2,Clear
SHIRAZ,25/10/2010,00Z,10.4,44%,1010.6 Hpa,calm.,,0/8,-,-,-,-,-,-,Clear
SIRI ISLAND,25/10/2010,15Z,30.2,63%,1009.8 Hpa,350º (N ),14.4,0/8,-,-,-,-,33.6,-,Clear
SIRI ISLAND,25/10/2010,12Z,33.0,147%,1009.8 Hpa,240º (SW),18.0,0/8,-,-,-,-,-,-,Clear
SIRI ISLAND,25/10/2010,09Z,33.0,50%,1010.7 Hpa,240º (SW),25.2,0/8,-,-,-,-,-,-,Clear
SIRI ISLAND,25/10/2010,06Z,32.0,89%,1011.7 Hpa,150º (SE),28.8,0/8,-,-,-,-,-,-,Clear
SIRI ISLAND,25/10/2010,03Z,27.0,85%,1009.4 Hpa,calm.,,0/8,-,-,-,-,-,26.2,"Clear, mist"
SIRJAN,25/10/2010,21Z,18.0,17%,1008.8 Hpa,120º (SE),25.2,0/8,-,-,-,-,-,-,Clear
SIRJAN,25/10/2010,18Z,18.6,21%,1010.7 Hpa,calm.,,0/8,-,-,-,-,-,-,Clear
SIRJAN,25/10/2010,15Z,21.6,19%,1013.6 Hpa,calm.,,0/8,-,-,-,-,26.8,-,Clear
SIRJAN,25/10/2010,12Z,26.4,15%,1010.4 Hpa,300º (NW),10.8,0/8,-,-,-,-,-,-,Clear
SIRJAN,25/10/2010,09Z,25.4,15%,1010.0 Hpa,290º (W ),7.2,0/8,-,-,-,-,-,-,Clear
SIRJAN,25/10/2010,06Z,18.8,17%,1013.2 Hpa,180º (S ),10.8,0/8,-,-,-,-,-,-,Clear
SIRJAN,25/10/2010,03Z,5.2,42%,1015.3 Hpa,calm.,,0/8,-,-,-,-,-,4.8,Clear
SIRJAN,25/10/2010,00Z,7.8,39%,1011.4 Hpa,calm.,,0/8,-,-,-,-,-,-,Clear
TABAS,25/10/2010,21Z,18.6,6%,1012.6 Hpa,calm.,,0/8,-,-,-,-,-,-,Clear
TABAS,25/10/2010,18Z,20.6,5%,1013.4 Hpa,calm.,,0/8,-,-,-,-,-,-,Clear
TABAS,25/10/2010,15Z,23.4,10%,1013.6 Hpa,calm.,,1/8,1/8 SC,-,-,-,29.5,-,Few clouds
TABAS,25/10/2010,12Z,29.0,8%,1012.7 Hpa,calm.,,0/8,-,-,-,-,-,-,Clear
TABAS,25/10/2010,09Z,28.2,5%,1013.4 Hpa,calm.,,0/8,-,-,-,-,-,-,Clear
TABAS,25/10/2010,06Z,21.0,10%,1016.1 Hpa,calm.,,0/8,-,-,-,-,-,-,Clear
TABAS,25/10/2010,03Z,13.5,15%,1014.1 Hpa,calm.,,0/8,-,-,-,-,-,13.5,Clear
TABAS,25/10/2010,00Z,14.6,11%,1012.1 Hpa,070º (E ),7.2,0/8,-,-,-,-,-,-,Clear
TABRIZ,25/10/2010,21Z,15.6,55%,1014.3 Hpa,120º (SE),14.4,5/8,3/8 CB,-,CI,-,-,-,Cloudy
TABRIZ,25/10/2010,18Z,16.4,48%,1015.0 Hpa,Vble.,,6/8,3/8 CB,-,CI,-,-,-,Cloudy
TABRIZ,25/10/2010,15Z,18.2,43%,1016.1 Hpa,Vble.,,6/8,3/8 CB,-,CI,-,22.0,-,Cloudy
TABRIZ,25/10/2010,12Z,21.2,33%,1014.8 Hpa,290º (W ),7.2,6/8,1/8 CU,-,CI,-,-,-,Cloudy
TABRIZ,25/10/2010,09Z,20.6,33%,1015.3 Hpa,270º (W ),10.8,4/8,1/8 CU,-,CI,-,-,-,Scattered clouds
TABRIZ,25/10/2010,06Z,15.6,52%,1017.5 Hpa,180º (S ),7.2,2/8,-,-,CI,-,-,-,Few clouds
TABRIZ,25/10/2010,03Z,9.6,78%,1016.3 Hpa,060º (NE),7.2,2/8,1/8 SC,-,CI,-,-,9.4,Few clouds
TABRIZ,25/10/2010,00Z,12.0,67%,1014.5 Hpa,090º (E ),7.2,0/8,-,-,-,-,-,-,Clear
TEHRAN-MEHRABAD,25/10/2010,21Z,17.0,42%,1014.1 Hpa,030º (NE),7.2,2/8,-,-,-,-,-,-,Few clouds
TEHRAN-MEHRABAD,25/10/2010,18Z,18.8,33%,1014.0 Hpa,calm.,,4/8,-,2/8 AC,CI,-,-,-,Scattered clouds
TEHRAN-MEHRABAD,25/10/2010,15Z,27.8,16%,1013.4 Hpa,150º (SE),7.2,7/8,-,2/8 AC,CI,-,24.4,-,Cloudy
TEHRAN-MEHRABAD,25/10/2010,12Z,23.6,19%,1012.7 Hpa,190º (S ),14.4,6/8,-,-,CI,-,-,-,Cloudy
TEHRAN-MEHRABAD,25/10/2010,09Z,23.2,23%,1013.6 Hpa,160º (S ),10.8,1/8,1/8 CU,-,-,-,-,-,"Few clouds, haze"
TEHRAN-MEHRABAD,25/10/2010,06Z,21.0,34%,1015.2 Hpa,150º (SE),7.2,0/8,-,-,-,-,-,-,"Clear, haze"
TEHRAN-MEHRABAD,25/10/2010,03Z,16.8,43%,1014.0 Hpa,360º (N ),7.2,0/8,-,-,-,-,-,16.0,"Clear, haze"
TEHRAN-MEHRABAD,25/10/2010,00Z,16.6,42%,1013.0 Hpa,calm.,,0/8,-,-,-,-,-,-,Clear
TORBAT-HEYDARIEH,25/10/2010,21Z,11.0,47%,1015.2 Hpa,040º (NE),7.2,1/8,-,-,-,-,-,-,Few clouds
TORBAT-HEYDARIEH,25/10/2010,18Z,,0%,1016.4 Hpa,010º (N),108.0,1/8,1/8 SC,-,-,-,-,-,Few clouds
TORBAT-HEYDARIEH,25/10/2010,15Z,13.2,20%,1019.1 Hpa,calm.,,1/8,1/8 SC,-,-,-,22.6,-,Few clouds
TORBAT-HEYDARIEH,25/10/2010,12Z,21.4,10%,1015.4 Hpa,210º (SW),18.0,0/8,-,-,-,-,-,-,Clear
TORBAT-HEYDARIEH,25/10/2010,09Z,21.6,10%,1015.4 Hpa,140º (SE),7.2,1/8,1/8 SC,-,-,-,-,-,Few clouds
TORBAT-HEYDARIEH,25/10/2010,06Z,17.4,11%,1016.1 Hpa,050º (NE),14.4,1/8,1/8 CU,-,-,-,-,-,Few clouds
TORBAT-HEYDARIEH,25/10/2010,03Z,5.2,25%,1017.3 Hpa,calm.,,0/8,-,-,-,-,-,5.0,Clear
TORBAT-HEYDARIEH,25/10/2010,00Z,6.5,26%,1014.5 Hpa,calm.,,0/8,-,-,-,-,-,-,Clear
YASOGE,25/10/2010,21Z,14.0,47%,1013.0 Hpa,calm.,,0/8,-,-,-,-,-,-,Clear
YASOGE,25/10/2010,18Z,16.2,39%,1014.6 Hpa,100º (E ),7.2,0/8,-,-,-,-,-,-,Clear
YASOGE,25/10/2010,15Z,18.2,38%,1016.3 Hpa,120º (SE),10.8,2/8,-,-,CI,-,27.6,-,Few clouds
YASOGE,25/10/2010,12Z,27.0,21%,1011.3 Hpa,240º (SW),21.6,0/8,-,-,-,-,-,-,Clear
YASOGE,25/10/2010,09Z,25.8,25%,1011.8 Hpa,calm.,,0/8,-,-,-,-,-,-,Clear
YASOGE,25/10/2010,06Z,17.8,41%,1015.5 Hpa,calm.,,0/8,-,-,-,-,-,-,Clear
YASOGE,25/10/2010,03Z,7.6,64%,1016.7 Hpa,calm.,,0/8,-,-,-,-,-,7.6,Clear
YASOGE,25/10/2010,00Z,10.4,49%,1012.7 Hpa,calm.,,0/8,-,-,-,-,-,-,Clear
YAZD,25/10/2010,21Z,17.6,24%,1013.2 Hpa,calm.,,0/8,-,-,-,-,-,-,Clear
YAZD,25/10/2010,18Z,19.6,21%,1014.0 Hpa,230º (SW),10.8,0/8,-,-,-,-,-,-,Clear
YAZD,25/10/2010,15Z,22.6,20%,1014.2 Hpa,290º (W ),7.2,0/8,-,-,-,-,30.2,-,Clear
YAZD,25/10/2010,12Z,29.0,11%,1011.9 Hpa,calm.,,0/8,-,-,-,-,-,-,Clear
YAZD,25/10/2010,09Z,27.4,14%,1013.1 Hpa,calm.,,0/8,-,-,-,-,-,-,Clear
YAZD,25/10/2010,06Z,22.4,16%,1016.1 Hpa,130º (SE),7.2,0/8,-,-,-,-,-,-,Clear
YAZD,25/10/2010,03Z,,,1016.1 Hpa,150º (SE),7.2,0/8,-,-,-,-,-,12.4,Clear
YAZD,25/10/2010,00Z,14.2,23%,1013.5 Hpa,240º (SW),7.2,0/8,-,-,-,-,-,-,Clear
ZABOL,25/10/2010,21Z,18.0,15%,1014.7 Hpa,320º (NW),10.8,0/8,-,-,-,-,-,-,Clear
ZABOL,25/10/2010,18Z,19.9,11%,1015.3 Hpa,300º (NW),21.6,0/8,-,-,-,-,-,-,Clear
ZABOL,25/10/2010,15Z,22.3,8%,1014.1 Hpa,300º (NW),7.2,0/8,-,-,-,-,27.8,-,Clear
ZABOL,25/10/2010,12Z,27.5,5%,1012.6 Hpa,330º (NW),43.2,0/8,-,-,-,-,-,-,Clear
ZABOL,25/10/2010,09Z,26.1,9%,1013.7 Hpa,340º (N ),43.2,0/8,-,-,-,-,-,-,"Clear, dust"
ZABOL,25/10/2010,06Z,22.4,15%,1016.0 Hpa,330º (NW),36.0,0/8,-,-,-,-,-,-,Clear
ZABOL,25/10/2010,03Z,16.6,15%,1015.2 Hpa,330º (NW),18.0,0/8,-,-,-,-,-,14.2,Clear
ZABOL,25/10/2010,00Z,16.8,11%,1013.3 Hpa,290º (W ),14.4,0/8,-,-,-,-,-,-,Clear
ZAHEDAN,25/10/2010,21Z,8.2,12%,1014.6 Hpa,210º (SW),7.2,0/8,-,-,-,-,-,-,Clear
ZAHEDAN,25/10/2010,18Z,13.0,10%,1014.6 Hpa,170º (S ),7.2,0/8,-,-,-,-,-,-,Clear
ZAHEDAN,25/10/2010,15Z,19.3,7%,1015.8 Hpa,320º (NW),7.2,0/8,-,-,-,-,26.6,-,Clear
ZAHEDAN,25/10/2010,12Z,25.2,6%,1013.2 Hpa,350º (N ),14.4,0/8,-,-,-,-,-,-,Clear
ZAHEDAN,25/10/2010,09Z,25.7,5%,1012.8 Hpa,010º (N),10.8,0/8,-,-,-,-,-,-,Clear
ZAHEDAN,25/10/2010,06Z,22.0,6%,1014.8 Hpa,350º (N ),7.2,0/8,-,-,-,-,-,-,"Clear, haze"
ZAHEDAN,25/10/2010,03Z,7.3,10%,1016.0 Hpa,calm.,,0/8,-,-,-,-,-,4.4,Clear
ZAHEDAN,25/10/2010,00Z,5.0,10%,1014.1 Hpa,150º (SE),7.2,0/8,-,-,-,-,-,-,Clear
ZANJAN,25/10/2010,18Z,10.0,76%,1017.7 Hpa,calm.,,5/8,-,-,CI,-,-,-,Cloudy
ZANJAN,25/10/2010,15Z,16.6,53%,1017.6 Hpa,calm.,,4/8,-,-,CI,-,21.2,-,Scattered clouds
ZANJAN,25/10/2010,12Z,20.2,37%,1015.9 Hpa,270º (W ),7.2,5/8,-,-,CI,-,-,-,Cloudy
ZANJAN,25/10/2010,09Z,19.4,38%,1015.1 Hpa,270º (W ),10.8,2/8,1/8 CU,-,CI,-,-,-,Few clouds
ZANJAN,25/10/2010,06Z,12.6,58%,1019.3 Hpa,calm.,,0/8,-,-,-,-,-,-,Clear
ZANJAN,25/10/2010,03Z,3.4,66%,1019.5 Hpa,calm.,,1/8,-,-,CI,-,-,3.2,Few clouds
ZANJAN,25/10/2010,00Z,4.8,76%,1015.7 Hpa,calm.,,0/8,-,-,-,-,-,-,Clear
