Station ∆,Date,UTC time,Temp. (ºC),Rel. Hum. (%),Pressure/ Geopot.,Wind dir,Wins speed (Km/h),Clouds,Low clouds,Medium clouds,High clouds,Prec. (mm),Max temp. (ºC),Min temp. (ºC),Conditions
ABADAN,07/11/2016,21Z,15.4,52%,1021.5 Hpa,calm.,,0/8,-,-,-,-,-,-,Clear
ABADAN,07/11/2016,18Z,17.2,48%,1021.7 Hpa,calm.,,0/8,-,-,-,-,-,-,Clear
ABADAN,07/11/2016,15Z,21.2,33%,1020.8 Hpa,310º (NW),10.8,0/8,-,-,-,-,27.2,-,Clear
ABADAN,07/11/2016,12Z,26.6,19%,1020.6 Hpa,330º (NW),10.8,0/8,-,-,-,-,-,-,Clear
ABADAN,07/11/2016,09Z,25.4,18%,1020.5 Hpa,300º (NW),21.6,0/8,-,-,-,-,-,-,Clear
ABADAN,07/11/2016,06Z,17.8,37%,1021.3 Hpa,290º (W ),10.8,2/8,-,2/8 AC,-,-,-,-,Few clouds
ABADAN,07/11/2016,03Z,12.6,52%,1019.4 Hpa,260º (W ),10.8,2/8,-,2/8 AC,-,-,-,12.6,Few clouds
ABADAN,07/11/2016,00Z,17.4,35%,1018.0 Hpa,320º (NW),10.8,0/8,-,-,-,-,-,-,Clear
ABADEH,07/11/2016,21Z,6.6,54%,1018.0 Hpa,280º (W ),10.8,0/8,-,-,-,-,-,-,Clear
ABADEH,07/11/2016,18Z,7.4,53%,1018.9 Hpa,330º (NW),10.8,0/8,-,-,-,-,-,-,Clear
ABADEH,07/11/2016,15Z,10.6,46%,1019.0 Hpa,230º (SW),10.8,4/8,2/8 SC,AC,-,-,14.6,-,Scattered clouds
ABADEH,07/11/2016,12Z,13.4,38%,1017.0 Hpa,calm.,,8/8,2/8 SC,AC,,-,-,-,Overcast
ABADEH,07/11/2016,09Z,14.0,34%,1017.5 Hpa,230º (SW),21.6,7/8,2/8 SC,AC,-,-,-,-,Cloudy
ABADEH,07/11/2016,06Z,11.0,46%,1019.2 Hpa,calm.,,6/8,1/8 SC,AC,-,-,-,-,Cloudy
ABADEH,07/11/2016,03Z,5.2,61%,1017.7 Hpa,320º (NW),10.8,5/8,-,5/8 AC,-,-,-,3.8,Cloudy
ABADEH,07/11/2016,00Z,7.0,57%,1014.2 Hpa,300º (NW),10.8,0/8,-,-,-,-,-,-,Clear
ABU MUSA,07/11/2016,15Z,29.0,60%,1014.8 Hpa,260º (W ),18.0,0/8,-,-,-,-,31.0,-,"Clear, haze"
ABU MUSA,07/11/2016,12Z,30.2,99%,1013.5 Hpa,250º (W ),18.0,0/8,-,-,-,-,-,-,"Clear, haze"
ABU MUSA,07/11/2016,09Z,31.0,50%,1015.2 Hpa,240º (SW),18.0,0/8,-,-,-,-,-,-,"Clear, haze"
ABU MUSA,07/11/2016,06Z,30.2,99%,1016.1 Hpa,190º (S ),14.4,0/8,-,-,-,-,-,-,"Clear, haze"
ABU MUSA,07/11/2016,03Z,23.4,79%,1014.2 Hpa,300º (NW),3.6,0/8,-,-,-,-,-,22.6,"Clear, mist"
AHAR,07/11/2016,21Z,3.8,63%,1023.5 Hpa,290º (W ),14.4,0/8,-,-,-,-,-,-,Clear
AHAR,07/11/2016,18Z,5.6,63%,1024.7 Hpa,260º (W ),10.8,0/8,-,-,-,-,-,-,Clear
AHAR,07/11/2016,15Z,8.5,53%,1023.5 Hpa,240º (SW),14.4,0/8,-,-,-,-,15.2,-,Clear
AHAR,07/11/2016,12Z,14.4,38%,1020.8 Hpa,180º (S ),7.2,3/8,3/8 SC,-,-,-,-,-,Scattered clouds
AHAR,07/11/2016,09Z,12.5,50%,1022.9 Hpa,240º (SW),7.2,1/8,1/8 CU,-,-,-,-,-,Few clouds
AHAR,07/11/2016,06Z,7.9,74%,1026.3 Hpa,calm.,,4/8,4/8 ST,-,-,-,-,-,Scattered clouds
AHAR,07/11/2016,03Z,5.4,88%,1026.2 Hpa,calm.,,6/8,4/8 SC,AC,-,-,-,5.4,Cloudy
AHAR,07/11/2016,00Z,5.6,88%,1025.1 Hpa,calm.,,5/8,5/8 SC,-,-,-,-,-,Cloudy
AHWAZ,07/11/2016,21Z,16.2,34%,1020.7 Hpa,310º (NW),3.6,0/8,-,-,-,-,-,-,Clear
AHWAZ,07/11/2016,18Z,17.6,33%,1020.8 Hpa,280º (W ),3.6,0/8,-,-,-,-,-,-,Clear
AHWAZ,07/11/2016,15Z,21.8,21%,1019.3 Hpa,280º (W ),7.2,0/8,-,-,-,-,26.5,-,Clear
AHWAZ,07/11/2016,12Z,26.2,17%,1018.4 Hpa,300º (NW),10.8,0/8,-,-,-,-,-,-,Clear
AHWAZ,07/11/2016,09Z,24.5,24%,1019.7 Hpa,290º (W ),14.4,0/8,-,-,-,-,-,-,Clear
AHWAZ,07/11/2016,06Z,19.5,31%,1020.1 Hpa,300º (NW),10.8,1/8,-,-,CI,Tr(24h),-,-,Few clouds
AHWAZ,07/11/2016,03Z,15.5,42%,1017.7 Hpa,calm.,,0/8,-,-,-,-,-,15.5,"Clear, haze"
AHWAZ,07/11/2016,00Z,18.0,41%,1016.6 Hpa,290º (W ),7.2,3/8,3/8 SC,-,-,-,-,-,"Scattered clouds, haze"
ALI-GOODARZ,07/11/2016,21Z,4.6,71%,1020.9 Hpa,100º (E ),10.8,2/8,1/8 SC,AC,-,-,-,-,"Few clouds, haze"
ALI-GOODARZ,07/11/2016,18Z,5.6,68%,1022.5 Hpa,360º (N ),14.4,2/8,1/8 SC,AC,-,-,-,-,"Few clouds, haze"
ALI-GOODARZ,07/11/2016,15Z,9.3,48%,1020.0 Hpa,190º (S ),10.8,6/8,3/8 SC,AC,-,-,14.3,-,"Cloudy, haze"
ALI-GOODARZ,07/11/2016,12Z,10.7,47%,1018.0 Hpa,220º (SW),10.8,7/8,5/8 CB,AC,-,0.1(6h),-,-,"Cloudy, haze"
ALI-GOODARZ,07/11/2016,09Z,13.4,49%,1016.8 Hpa,240º (SW),10.8,6/8,5/8 SC,-,-,-,-,-,"Cloudy, haze"
ALI-GOODARZ,07/11/2016,06Z,9.1,64%,1020.3 Hpa,110º (E ),18.0,3/8,3/8 SC,-,-,6.1(24h),-,-,"Scattered clouds, haze"
ALI-GOODARZ,07/11/2016,03Z,5.9,81%,1020.4 Hpa,160º (S ),7.2,6/8,5/8 CB,AC,-,-,-,4.7,"Cloudy, mist"
ALI-GOODARZ,07/11/2016,00Z,6.6,77%,1018.7 Hpa,110º (E ),18.0,4/8,4/8 SC,-,-,0.1(6h),-,-,Scattered clouds
ANZALI,07/11/2016,21Z,10.8,97%,1022.8 Hpa,calm.,,0/8,-,-,-,-,-,-,"Clear, mist"
ANZALI,07/11/2016,18Z,12.4,94%,1024.1 Hpa,calm.,,0/8,-,-,-,-,-,-,Clear
ANZALI,07/11/2016,15Z,13.2,93%,1024.4 Hpa,calm.,,0/8,-,-,-,-,15.6,-,Clear
ANZALI,07/11/2016,12Z,15.4,134%,1024.6 Hpa,150º (SE),7.2,5/8,3/8 CU,-,CI,-,-,-,Cloudy
ANZALI,07/11/2016,09Z,14.2,86%,1026.5 Hpa,340º (N ),7.2,8/8,5/8 CB,AC,,-,-,-,Overcast
ANZALI,07/11/2016,06Z,14.0,147%,1028.0 Hpa,270º (W ),7.2,8/8,6/8 CB,AC,,Tr(6h),-,-,"Overcast, mist"
ANZALI,07/11/2016,03Z,13.4,90%,1027.5 Hpa,270º (W ),10.8,7/8,3/8 SC,AC,-,-,-,13.2,Cloudy
ANZALI,07/11/2016,00Z,13.4,90%,1027.3 Hpa,calm.,,8/8,6/8 CB,AC,,-,-,-,Overcast
ARAK,07/11/2016,21Z,6.6,92%,1021.3 Hpa,calm.,,7/8,2/8 SC,AC,-,-,-,-,"Cloudy, mist"
ARAK,07/11/2016,18Z,7.0,86%,1023.5 Hpa,200º (S ),3.6,8/8,3/8 SC,AC,,7.0(6h),-,-,"Overcast, mist"
ARAK,07/11/2016,15Z,9.4,78%,1021.6 Hpa,340º (N ),10.8,7/8,7/8 CB,-,-,-,14.0,-,"Cloudy, thunderstorm"
ARAK,07/11/2016,12Z,11.4,64%,1018.4 Hpa,330º (NW),7.2,6/8,6/8 CB,-,-,0.3(6h),-,-,"Cloudy, haze"
ARAK,07/11/2016,09Z,12.2,53%,1018.9 Hpa,030º (NE),7.2,3/8,3/8 CU,-,-,-,-,-,"Scattered clouds, haze"
ARAK,07/11/2016,06Z,8.4,80%,1021.6 Hpa,310º (NW),7.2,5/8,4/8 SC,-,-,0.1(6h),-,-,"Cloudy, mist"
ARAK,07/11/2016,03Z,6.0,92%,1020.1 Hpa,calm.,,3/8,3/8 SC,-,-,-,-,5.2,Scattered clouds
ARAK,07/11/2016,00Z,7.4,76%,1016.4 Hpa,calm.,,0/8,-,-,-,-,-,-,Clear
ARDEBIL,07/11/2016,21Z,5.1,80%,1022.0 Hpa,calm.,,0/8,-,-,-,-,-,-,Clear
ARDEBIL,07/11/2016,18Z,5.6,85%,1023.3 Hpa,calm.,,0/8,-,-,-,-,-,-,Clear
ARDEBIL,07/11/2016,15Z,7.8,83%,1022.6 Hpa,calm.,,1/8,1/8 SC,AC,-,-,14.0,-,Few clouds
ARDEBIL,07/11/2016,12Z,12.0,54%,1021.1 Hpa,calm.,,3/8,2/8 CU/SC,AC,CI,-,-,-,Scattered clouds
ARDEBIL,07/11/2016,09Z,10.2,60%,1023.7 Hpa,150º (SE),7.2,3/8,3/8 CU/SC,-,CI,-,-,-,Scattered clouds
ARDEBIL,07/11/2016,06Z,5.6,85%,1026.7 Hpa,calm.,,5/8,3/8 SC,-,CI,Tr(24h),-,-,Cloudy
ARDEBIL,07/11/2016,03Z,4.0,97%,1026.2 Hpa,180º (S ),7.2,8/8,8/8 ST,,,-,-,4.0,"Overcast, mist"
ARDEBIL,07/11/2016,00Z,4.2,100%,1025.3 Hpa,calm.,,8/8,8/8 ST,,,-,-,-,"Overcast, mist"
BABULSAR,07/11/2016,21Z,12.0,92%,1023.7 Hpa,calm.,,0/8,-,-,-,-,-,-,Clear
BABULSAR,07/11/2016,18Z,14.0,77%,1024.2 Hpa,calm.,,0/8,-,-,-,-,-,-,Clear
BABULSAR,07/11/2016,15Z,15.2,76%,1025.0 Hpa,calm.,,2/8,-,2/8 AC,-,-,17.4,-,Few clouds
BABULSAR,07/11/2016,12Z,16.6,67%,1025.2 Hpa,calm.,,6/8,-,6/8 AC,-,-,-,-,Cloudy
BABULSAR,07/11/2016,09Z,17.0,64%,1026.1 Hpa,360º (N ),10.8,7/8,-,7/8 AC,-,-,-,-,Cloudy
BABULSAR,07/11/2016,06Z,15.2,63%,1027.6 Hpa,070º (E ),7.2,5/8,-,5/8 AC,-,0.2(6h),-,-,Cloudy
BABULSAR,07/11/2016,03Z,13.6,95%,1026.8 Hpa,calm.,,8/8,3/8 ST,AC,,-,-,13.4,"Overcast, mist"
BABULSAR,07/11/2016,00Z,13.8,93%,1026.5 Hpa,calm.,,8/8,3/8 ST,AC,,0.1(6h),-,-,"Overcast, rain"
BAFT,07/11/2016,21Z,10.0,41%,1014.0 Hpa,calm.,,0/8,-,-,-,-,-,-,Clear
BAFT,07/11/2016,18Z,10.6,36%,1016.5 Hpa,calm.,,0/8,-,-,-,-,-,-,Clear
BAFT,07/11/2016,15Z,13.0,29%,1017.9 Hpa,240º (SW),14.4,3/8,-,-,CI,-,20.4,-,Scattered clouds
BAFT,07/11/2016,12Z,18.0,21%,1014.6 Hpa,240º (SW),18.0,3/8,-,-,CI,-,-,-,Scattered clouds
BAFT,07/11/2016,09Z,18.0,25%,1016.3 Hpa,210º (SW),14.4,5/8,-,-,CI,-,-,-,Cloudy
BAFT,07/11/2016,06Z,16.0,39%,1016.4 Hpa,calm.,,3/8,-,-,CI,-,-,-,Scattered clouds
BAFT,07/11/2016,03Z,8.4,57%,1017.7 Hpa,calm.,,4/8,-,-,CI,-,-,8.4,Scattered clouds
BAFT,07/11/2016,00Z,9.0,52%,1013.8 Hpa,030º (NE),10.8,0/8,-,-,-,-,-,-,Clear
BAM,07/11/2016,21Z,22.2,27%,1011.2 Hpa,260º (W ),7.2,0/8,-,-,-,-,-,-,Clear
BAM,07/11/2016,18Z,19.2,25%,1013.1 Hpa,calm.,,0/8,-,-,-,-,-,-,Clear
BAM,07/11/2016,15Z,22.3,20%,1014.1 Hpa,250º (W ),7.2,0/8,-,-,-,-,29.6,-,Clear
BAM,07/11/2016,12Z,27.3,13%,1012.0 Hpa,020º (N),10.8,3/8,-,-,CI,-,-,-,Scattered clouds
BAM,07/11/2016,09Z,28.8,14%,1012.9 Hpa,110º (E ),7.2,5/8,-,-,CI,-,-,-,Cloudy
BAM,07/11/2016,06Z,26.5,17%,1015.6 Hpa,calm.,,3/8,-,-,CI,-,-,-,Scattered clouds
BAM,07/11/2016,03Z,17.4,30%,1015.3 Hpa,270º (W ),10.8,0/8,-,-,-,-,-,16.2,Clear
BAM,07/11/2016,00Z,17.3,25%,1013.0 Hpa,280º (W ),10.8,0/8,-,-,-,-,-,-,Clear
BANDAR LENGEH,07/11/2016,21Z,24.6,68%,1016.1 Hpa,calm.,,0/8,-,-,-,-,-,-,Clear
BANDAR LENGEH,07/11/2016,18Z,26.2,62%,1016.4 Hpa,calm.,,0/8,-,-,-,-,-,-,Clear
BANDAR LENGEH,07/11/2016,15Z,28.6,61%,1015.5 Hpa,calm.,,0/8,-,-,-,-,31.4,-,"Clear, haze"
BANDAR LENGEH,07/11/2016,12Z,30.8,58%,1014.9 Hpa,240º (SW),14.4,2/8,2/8 CU,-,-,-,-,-,"Few clouds, haze"
BANDAR LENGEH,07/11/2016,09Z,30.6,64%,1016.5 Hpa,180º (S ),10.8,1/8,1/8 CU,-,-,-,-,-,"Few clouds, haze"
BANDAR LENGEH,07/11/2016,06Z,29.6,63%,1017.3 Hpa,calm.,,0/8,-,-,-,-,-,-,"Clear, haze"
BANDAR LENGEH,07/11/2016,03Z,22.2,89%,1015.3 Hpa,350º (N ),10.8,0/8,-,-,-,-,-,21.4,"Clear, mist"
BANDAR LENGEH,07/11/2016,00Z,23.0,87%,1013.7 Hpa,calm.,,0/8,-,-,-,-,-,-,"Clear, mist"
BANDAR-E-DAYYER,07/11/2016,21Z,23.6,45%,1018.6 Hpa,310º (NW),25.2,0/8,-,-,-,-,-,-,Clear
BANDAR-E-DAYYER,07/11/2016,18Z,24.6,48%,1018.1 Hpa,280º (W ),10.8,0/8,-,-,-,-,-,-,Clear
BANDAR-E-DAYYER,07/11/2016,15Z,29.0,32%,1016.5 Hpa,300º (NW),14.4,7/8,2/8 SC,AC,-,-,32.9,-,"Cloudy, dust"
BANDAR-E-DAYYER,07/11/2016,12Z,29.3,105%,1015.9 Hpa,310º (NW),32.4,4/8,-,4/8 AC,-,-,-,-,"Scattered clouds, dust"
BANDAR-E-DAYYER,07/11/2016,09Z,32.0,29%,1016.3 Hpa,310º (NW),25.2,3/8,-,-,CI,-,-,-,"Scattered clouds, dust"
BANDAR-E-DAYYER,07/11/2016,06Z,28.4,110%,1017.5 Hpa,310º (NW),14.4,4/8,-,-,CI,-,-,-,Scattered clouds
BANDAR-E-DAYYER,07/11/2016,03Z,24.0,59%,1015.8 Hpa,310º (NW),10.8,5/8,-,-,CI,-,-,20.9,Cloudy
BANDAR-E-DAYYER,07/11/2016,00Z,22.5,54%,1013.7 Hpa,350º (N ),7.2,0/8,-,-,-,-,-,-,Clear
BANDARABBASS,07/11/2016,21Z,23.5,79%,1015.3 Hpa,020º (N),7.2,0/8,-,-,-,-,-,-,"Clear, mist"
BANDARABBASS,07/11/2016,18Z,27.5,73%,1015.6 Hpa,280º (W ),10.8,1/8,-,-,CI,-,-,-,"Few clouds, haze"
BANDARABBASS,07/11/2016,15Z,28.8,58%,1014.8 Hpa,240º (SW),18.0,2/8,-,-,CI,-,31.7,-,"Few clouds, haze"
BANDARABBASS,07/11/2016,12Z,30.4,70%,1014.1 Hpa,200º (S ),21.6,2/8,1/8 SC,AC,-,-,-,-,"Few clouds, haze"
BANDARABBASS,07/11/2016,09Z,30.8,63%,1015.5 Hpa,220º (SW),18.0,0/8,-,-,-,-,-,-,"Clear, haze"
BANDARABBASS,07/11/2016,06Z,29.0,73%,1017.5 Hpa,230º (SW),7.2,2/8,2/8 SC,-,-,-,-,-,"Few clouds, haze"
BANDARABBASS,07/11/2016,03Z,23.4,91%,1015.2 Hpa,340º (N ),10.8,3/8,3/8 SC,-,-,-,-,22.1,"Scattered clouds, mist"
BANDARABBASS,07/11/2016,00Z,22.4,88%,1014.0 Hpa,350º (N ),7.2,0/8,-,-,-,-,-,-,"Clear, mist"
BIRJAND,07/11/2016,21Z,13.1,20%,1013.6 Hpa,090º (E ),18.0,3/8,-,1/8 AC,CI,-,-,-,Scattered clouds
BIRJAND,07/11/2016,18Z,13.2,18%,1015.6 Hpa,100º (E ),21.6,3/8,-,-,CI,-,-,-,Scattered clouds
BIRJAND,07/11/2016,15Z,17.1,18%,1017.1 Hpa,290º (W ),7.2,4/8,-,-,CI,-,24.7,-,Scattered clouds
BIRJAND,07/11/2016,12Z,23.0,13%,1014.0 Hpa,260º (W ),18.0,6/8,1/8 CU,-,CI,-,-,-,Cloudy
BIRJAND,07/11/2016,09Z,24.2,12%,1014.7 Hpa,260º (W ),18.0,5/8,-,-,CI,-,-,-,Cloudy
BIRJAND,07/11/2016,06Z,19.5,13%,1018.8 Hpa,100º (E ),28.8,3/8,-,-,CI,-,-,-,Scattered clouds
BIRJAND,07/11/2016,03Z,10.3,26%,1018.7 Hpa,060º (NE),14.4,2/8,-,-,CI,-,-,8.3,Few clouds
BIRJAND,07/11/2016,00Z,10.9,21%,1016.6 Hpa,080º (E ),25.2,0/8,-,-,-,-,-,-,Clear
BOJNOURD,07/11/2016,21Z,8.2,81%,1024.0 Hpa,calm.,,7/8,3/8 SC,AC,-,-,-,-,Cloudy
BOJNOURD,07/11/2016,18Z,9.4,72%,1024.4 Hpa,090º (E ),3.6,8/8,3/8 CB,AC,,2.0(6h),-,-,Overcast
BOJNOURD,07/11/2016,15Z,11.0,60%,1025.0 Hpa,calm.,,7/8,1/8 SC,AC,-,-,12.6,-,"Cloudy, haze"
BOJNOURD,07/11/2016,12Z,12.0,62%,1024.4 Hpa,350º (N ),3.6,7/8,-,7/8 AC,-,Tr(6h),-,-,"Cloudy, haze"
BOJNOURD,07/11/2016,09Z,10.0,75%,1026.3 Hpa,310º (NW),3.6,7/8,1/8 SC,AC,-,-,-,-,"Cloudy, rain"
BOJNOURD,07/11/2016,06Z,8.4,79%,1027.8 Hpa,calm.,,7/8,1/8 SC,AC,CC,-,-,-,"Cloudy, rain"
BOJNOURD,07/11/2016,03Z,5.8,93%,1026.9 Hpa,310º (NW),7.2,7/8,3/8 ST,AC,-,-,-,4.8,"Cloudy, mist"
BOJNOURD,07/11/2016,00Z,5.0,93%,1026.2 Hpa,calm.,,7/8,3/8 ST,AC,-,-,-,-,"Cloudy, mist"
BUSHEHR,07/11/2016,21Z,21.9,50%,1020.2 Hpa,010º (N),10.8,0/8,-,-,-,-,-,-,Clear
BUSHEHR,07/11/2016,18Z,24.5,47%,1019.9 Hpa,330º (NW),10.8,0/8,-,-,-,-,-,-,Clear
BUSHEHR,07/11/2016,15Z,24.0,57%,1019.0 Hpa,330º (NW),10.8,1/8,-,-,CI,-,26.8,-,Few clouds
BUSHEHR,07/11/2016,12Z,25.3,,1050.2 Hpa,330º (NW),7.2,5/8,2/8 SC,AC,-,0.3(6h),-,-,Cloudy
BUSHEHR,07/11/2016,09Z,24.8,60%,1019.9 Hpa,340º (N ),7.2,8/8,4/8 SC,AC,,-,-,-,Overcast
BUSHEHR,07/11/2016,06Z,25.6,614%,1020.3 Hpa,030º (NE),10.8,7/8,4/8 SC,AC,-,-,-,-,Cloudy
BUSHEHR,07/11/2016,03Z,22.6,59%,1017.6 Hpa,360º (N ),7.2,6/8,2/8 SC,-,CI,-,-,22.4,Cloudy
BUSHEHR,07/11/2016,00Z,25.0,69%,1015.6 Hpa,350º (N ),14.4,3/8,-,-,CI,-,-,-,"Scattered clouds, haze"
BUSHEHR (AIRPORT),07/11/2016,21Z,23.0,39%,1019.6 Hpa,360º (N ),25.2,0/8,-,-,-,-,-,-,Clear
BUSHEHR (AIRPORT),07/11/2016,18Z,24.8,39%,1019.4 Hpa,330º (NW),25.2,0/8,-,-,-,-,-,-,Clear
BUSHEHR (AIRPORT),07/11/2016,15Z,24.3,42%,1018.5 Hpa,330º (NW),18.0,0/8,-,-,-,-,25.8,-,Clear
BUSHEHR (AIRPORT),07/11/2016,12Z,25.0,49%,1018.0 Hpa,030º (NE),10.8,6/8,3/8 SC,AC,-,0.4(6h),-,-,"Cloudy, haze"
BUSHEHR (AIRPORT),07/11/2016,09Z,24.5,51%,1019.3 Hpa,360º (N ),14.4,8/8,4/8 SC,AC,,-,-,-,"Overcast, rain"
BUSHEHR (AIRPORT),07/11/2016,06Z,25.4,38%,1019.8 Hpa,050º (NE),14.4,8/8,4/8 SC,AC,,-,-,-,Overcast
BUSHEHR (AIRPORT),07/11/2016,03Z,23.2,14%,1017.1 Hpa,360º (N ),14.4,6/8,-,4/8 AC,CI,-,-,22.2,Cloudy
BUSHEHR (AIRPORT),07/11/2016,00Z,24.8,60%,1015.1 Hpa,350º (N ),25.2,0/8,-,-,-,-,-,-,Clear
CHAHBAHAR,07/11/2016,21Z,24.9,,1014.1 Hpa,310º (NW),7.2,0/8,-,-,-,-,-,-,"Clear, mist"
CHAHBAHAR,07/11/2016,18Z,70.1,,1015.4 Hpa,320º (NW),7.2,0/8,-,-,-,-,-,-,"Clear, haze"
CHAHBAHAR,07/11/2016,15Z,70.1,,1015.1 Hpa,300º (NW),7.2,0/8,-,-,-,-,29.8,-,"Clear, haze"
CHAHBAHAR,07/11/2016,12Z,60.1,,1013.8 Hpa,270º (W ),7.2,0/8,-,-,-,-,-,-,"Clear, haze"
CHAHBAHAR,07/11/2016,09Z,60.1,,1015.1 Hpa,260º (W ),7.2,0/8,-,-,-,-,-,-,"Clear, haze"
CHAHBAHAR,07/11/2016,06Z,70.1,,1017.5 Hpa,calm.,,0/8,-,-,-,-,-,-,"Clear, haze"
CHAHBAHAR,07/11/2016,03Z,-30.1,,1015.8 Hpa,calm.,,0/8,-,-,-,-,-,21.5,"Clear, mist"
CHAHBAHAR,07/11/2016,00Z,-10.1,,1013.9 Hpa,calm.,,0/8,-,-,-,-,-,-,"Clear, mist"
ESFAHAN,07/11/2016,21Z,10.8,57%,1018.2 Hpa,calm.,,3/8,-,3/8 AC,-,-,-,-,Scattered clouds
ESFAHAN,07/11/2016,18Z,10.4,58%,1019.0 Hpa,calm.,,0/8,-,-,-,-,-,-,Clear
ESFAHAN,07/11/2016,15Z,14.6,42%,1016.6 Hpa,020º (N),10.8,3/8,3/8 SC,-,-,-,18.2,-,Scattered clouds
ESFAHAN,07/11/2016,12Z,18.0,36%,1014.2 Hpa,060º (NE),10.8,4/8,1/8 SC,AC,-,-,-,-,Scattered clouds
ESFAHAN,07/11/2016,09Z,16.4,44%,1016.4 Hpa,calm.,,5/8,2/8 SC,AC,-,-,-,-,Cloudy
ESFAHAN,07/11/2016,06Z,12.4,65%,1019.1 Hpa,150º (SE),7.2,4/8,1/8 SC,AC,-,-,-,-,Scattered clouds
ESFAHAN,07/11/2016,03Z,10.4,67%,1018.4 Hpa,calm.,,6/8,2/8 SC,AC,-,-,-,10.2,Cloudy
ESFAHAN,07/11/2016,00Z,11.0,70%,1016.5 Hpa,calm.,,6/8,2/8 SC,AC,-,-,-,-,Cloudy
FASA,07/11/2016,21Z,9.8,53%,1015.1 Hpa,calm.,,0/8,-,-,-,-,-,-,Clear
FASA,07/11/2016,18Z,13.2,46%,1016.1 Hpa,280º (W ),10.8,3/8,2/8 SC,AC,CI,-,-,-,Scattered clouds
FASA,07/11/2016,15Z,17.4,35%,1018.1 Hpa,340º (N ),28.8,6/8,3/8 CB,-,CI,-,24.8,-,"Cloudy, dust"
FASA,07/11/2016,12Z,24.4,14%,1013.2 Hpa,230º (SW),14.4,4/8,1/8 SC,-,CI,-,-,-,Scattered clouds
FASA,07/11/2016,09Z,24.0,16%,1014.3 Hpa,170º (S ),7.2,3/8,-,-,CI,-,-,-,Scattered clouds
FASA,07/11/2016,06Z,18.2,29%,1016.7 Hpa,calm.,,5/8,-,-,CI,-,-,-,Cloudy
FASA,07/11/2016,03Z,7.8,47%,1016.5 Hpa,300º (NW),10.8,3/8,-,-,CI,-,-,7.8,Scattered clouds
FASA,07/11/2016,00Z,9.8,40%,1013.6 Hpa,330º (NW),10.8,0/8,-,-,-,-,-,-,Clear
FERDOUS,07/11/2016,21Z,13.8,29%,1016.0 Hpa,330º (NW),10.8,8/8,3/8 SC,AC,,-,-,-,Overcast
FERDOUS,07/11/2016,18Z,14.6,23%,1016.8 Hpa,280º (W ),7.2,7/8,4/8 SC,AC,-,-,-,-,Cloudy
FERDOUS,07/11/2016,15Z,15.8,27%,1017.9 Hpa,calm.,,6/8,3/8 SC,AC,-,-,22.8,-,Cloudy
FERDOUS,07/11/2016,12Z,19.6,17%,1016.1 Hpa,300º (NW),18.0,7/8,2/8 SC,AC,CI,-,-,-,Cloudy
FERDOUS,07/11/2016,09Z,21.0,17%,1016.2 Hpa,240º (SW),7.2,1/8,-,-,CI,-,-,-,Few clouds
FERDOUS,07/11/2016,06Z,17.2,23%,1019.5 Hpa,080º (E ),7.2,5/8,1/8 SC,AC,CI,-,-,-,Cloudy
FERDOUS,07/11/2016,03Z,9.0,29%,1019.1 Hpa,calm.,,1/8,-,-,CI,-,-,8.0,Few clouds
FERDOUS,07/11/2016,00Z,8.8,31%,1016.8 Hpa,calm.,,0/8,-,-,-,-,-,-,Clear
GACH SARAN DU GUNBADAN,07/11/2016,21Z,14.7,33%,1020.4 Hpa,calm.,,2/8,2/8 SC,-,-,-,-,-,Few clouds
GACH SARAN DU GUNBADAN,07/11/2016,18Z,16.3,43%,1020.6 Hpa,360º (N ),7.2,3/8,3/8 SC,-,-,-,-,-,Scattered clouds
GACH SARAN DU GUNBADAN,07/11/2016,15Z,18.4,49%,1019.6 Hpa,calm.,,3/8,3/8 SC,-,-,-,23.2,-,Scattered clouds
GACH SARAN DU GUNBADAN,07/11/2016,12Z,22.8,38%,1018.0 Hpa,140º (SE),14.4,8/8,3/8 SC,AC,,-,-,-,Overcast
GACH SARAN DU GUNBADAN,07/11/2016,09Z,21.3,42%,1019.6 Hpa,090º (E ),21.6,8/8,3/8 SC,AC,,-,-,-,Overcast
GACH SARAN DU GUNBADAN,07/11/2016,06Z,19.9,48%,1020.4 Hpa,130º (SE),25.2,8/8,5/8 CB,AC,,-,-,-,Overcast
GACH SARAN DU GUNBADAN,07/11/2016,03Z,18.5,53%,1018.2 Hpa,calm.,,0/8,-,-,-,-,-,18.2,Clear
GACH SARAN DU GUNBADAN,07/11/2016,00Z,21.2,32%,1015.2 Hpa,300º (NW),14.4,0/8,-,-,-,-,-,-,Clear
GHARAKHIL,07/11/2016,21Z,10.2,92%,1023.6 Hpa,calm.,,4/8,2/8 SC,AC,-,-,-,-,Scattered clouds
GHARAKHIL,07/11/2016,18Z,11.0,89%,1024.4 Hpa,calm.,,4/8,3/8 SC,AC,-,-,-,-,Scattered clouds
GHARAKHIL,07/11/2016,15Z,14.4,90%,1025.1 Hpa,calm.,,7/8,3/8 SC,AC,-,-,17.8,-,Cloudy
GHARAKHIL,07/11/2016,12Z,16.2,77%,1024.8 Hpa,calm.,,5/8,1/8 SC,AC,-,-,-,-,Cloudy
GHARAKHIL,07/11/2016,09Z,17.0,73%,1025.7 Hpa,calm.,,7/8,3/8 SC,AC,-,-,-,-,Cloudy
GHARAKHIL,07/11/2016,06Z,15.2,84%,1027.3 Hpa,calm.,,7/8,3/8 CU,AC,-,-,-,-,Cloudy
GHARAKHIL,07/11/2016,03Z,12.6,97%,1026.1 Hpa,calm.,,8/8,4/8 SC,AC,,-,-,12.6,Overcast
GHARAKHIL,07/11/2016,00Z,12.6,94%,1025.9 Hpa,calm.,,8/8,2/8 SC,AC,,-,-,-,Overcast
GHAZVIN,07/11/2016,21Z,4.2,97%,1023.6 Hpa,360º (N ),3.6,0/8,-,-,-,-,-,-,Clear
GHAZVIN,07/11/2016,18Z,4.5,93%,1025.0 Hpa,calm.,,0/8,-,-,-,-,-,-,Clear
GHAZVIN,07/11/2016,15Z,7.5,82%,1023.7 Hpa,280º (W ),3.6,5/8,2/8 SC,AC,-,-,14.6,-,Cloudy
GHAZVIN,07/11/2016,12Z,12.2,64%,1021.6 Hpa,260º (W ),10.8,7/8,4/8 CB,AC,-,-,-,-,"Cloudy, haze"
GHAZVIN,07/11/2016,09Z,12.2,69%,1022.1 Hpa,340º (N ),3.6,6/8,2/8 CB,AC,-,-,-,-,"Cloudy, haze"
GHAZVIN,07/11/2016,06Z,7.5,90%,1024.7 Hpa,260º (W ),3.6,7/8,4/8 CB,AC,-,0.3(6h),-,-,"Cloudy, rain"
GHAZVIN,07/11/2016,03Z,6.7,95%,1022.7 Hpa,290º (W ),3.6,7/8,4/8 CB,AC,-,-,-,6.3,Cloudy
GHAZVIN,07/11/2016,00Z,6.3,90%,1021.2 Hpa,330º (NW),3.6,8/8,-,8/8 AC,,1.0(6h),-,-,Overcast
GHUCHAN,07/11/2016,21Z,6.5,73%,1023.4 Hpa,090º (E ),28.8,8/8,3/8 SC,AC,,-,-,-,Overcast
GHUCHAN,07/11/2016,18Z,7.6,66%,1024.6 Hpa,120º (SE),39.6,7/8,4/8 SC,AC,-,-,-,-,Cloudy
GHUCHAN,07/11/2016,15Z,7.9,65%,1025.0 Hpa,100º (E ),25.2,8/8,4/8 ST,AC,,-,10.6,-,Overcast
GHUCHAN,07/11/2016,12Z,9.9,59%,1024.8 Hpa,110º (E ),25.2,8/8,4/8 ST,AC,,-,-,-,Overcast
GHUCHAN,07/11/2016,09Z,9.7,65%,1026.2 Hpa,110º (E ),28.8,6/8,3/8 SC,AC,-,-,-,-,Cloudy
GHUCHAN,07/11/2016,06Z,8.0,71%,1028.3 Hpa,090º (E ),25.2,8/8,4/8 ST,AC,,-,-,-,Overcast
GHUCHAN,07/11/2016,03Z,5.8,79%,1026.6 Hpa,090º (E ),18.0,4/8,4/8 ST,-,-,-,-,3.1,Scattered clouds
GHUCHAN,07/11/2016,00Z,3.4,93%,1023.9 Hpa,050º (NE),7.2,0/8,-,-,-,-,-,-,Clear
GORGAN,07/11/2016,21Z,9.9,92%,1025.0 Hpa,calm.,,1/8,1/8 SC,-,-,-,-,-,Few clouds
GORGAN,07/11/2016,18Z,14.0,75%,1026.0 Hpa,calm.,,7/8,2/8 SC,AC,-,-,-,-,Cloudy
GORGAN,07/11/2016,15Z,15.1,79%,1026.7 Hpa,030º (NE),7.2,6/8,3/8 CB,AC,-,-,18.8,-,Cloudy
GORGAN,07/11/2016,12Z,17.7,64%,1026.3 Hpa,030º (NE),7.2,6/8,2/8 CU,AC,-,-,-,-,Cloudy
GORGAN,07/11/2016,09Z,18.0,77%,1027.4 Hpa,030º (NE),7.2,3/8,3/8 CU,-,-,-,-,-,Scattered clouds
GORGAN,07/11/2016,06Z,15.1,78%,1028.8 Hpa,calm.,,3/8,1/8 CU,AC,CI,0.1(6h),-,-,"Scattered clouds, mist"
GORGAN,07/11/2016,03Z,10.5,94%,1028.7 Hpa,calm.,,8/8,4/8 CB,AC,,-,-,10.2,"Overcast, mist"
GORGAN,07/11/2016,00Z,11.7,91%,1028.7 Hpa,300º (NW),10.8,8/8,4/8 CB,AC,,0.2(6h),-,-,"Overcast, rain showers"
HAMEDAN,07/11/2016,21Z,1.5,91%,1024.6 Hpa,calm.,,2/8,2/8 SC,-,-,-,-,-,Few clouds
HAMEDAN,07/11/2016,18Z,3.6,87%,1025.2 Hpa,calm.,,2/8,2/8 SC,-,-,-,-,-,Few clouds
HAMEDAN,07/11/2016,15Z,8.1,69%,1023.4 Hpa,360º (N ),14.4,6/8,6/8 CB,-,-,-,12.5,-,Cloudy
HAMEDAN,07/11/2016,12Z,11.5,58%,1020.4 Hpa,360º (N ),7.2,5/8,5/8 CB,-,-,-,-,-,Cloudy
HAMEDAN,07/11/2016,09Z,10.3,61%,1021.3 Hpa,360º (N ),7.2,5/8,5/8 CB,-,-,-,-,-,Cloudy
HAMEDAN,07/11/2016,06Z,6.7,88%,1023.3 Hpa,360º (N ),10.8,3/8,3/8 CB,-,-,3.0(6h),-,-,Scattered clouds
HAMEDAN,07/11/2016,03Z,2.8,93%,1020.9 Hpa,360º (N ),10.8,7/8,6/8 CB,AC,-,-,-,1.0,"Cloudy, rain"
HAMEDAN,07/11/2016,00Z,3.3,89%,1019.1 Hpa,120º (SE),7.2,7/8,5/8 CB,AC,-,Tr(6h),-,-,"Cloudy, rain showers"
ILAM,07/11/2016,21Z,6.6,41%,1022.2 Hpa,080º (E ),7.2,0/8,-,-,-,-,-,-,Clear
ILAM,07/11/2016,18Z,7.8,36%,1023.1 Hpa,090º (E ),7.2,0/8,-,-,-,-,-,-,Clear
ILAM,07/11/2016,15Z,12.2,27%,1022.3 Hpa,290º (W ),7.2,0/8,-,-,-,-,18.8,-,Clear
ILAM,07/11/2016,12Z,16.7,22%,1019.8 Hpa,250º (W ),18.0,1/8,1/8 CU,-,-,-,-,-,"Few clouds, haze"
ILAM,07/11/2016,09Z,18.7,18%,1019.1 Hpa,150º (SE),7.2,0/8,-,-,-,-,-,-,"Clear, haze"
ILAM,07/11/2016,06Z,12.4,43%,1020.8 Hpa,140º (SE),7.2,0/8,-,-,-,-,-,-,Clear
ILAM,07/11/2016,03Z,5.6,60%,1020.6 Hpa,120º (SE),7.2,0/8,-,-,-,-,-,4.1,Clear
ILAM,07/11/2016,00Z,4.7,66%,1018.9 Hpa,090º (E ),7.2,0/8,-,-,-,-,-,-,Clear
IRANSHAHR,07/11/2016,21Z,20.5,20%,1014.6 Hpa,030º (NE),7.2,0/8,-,-,-,-,-,-,Clear
IRANSHAHR,07/11/2016,18Z,22.7,17%,1014.8 Hpa,calm.,,1/8,-,-,CI,-,-,-,Few clouds
IRANSHAHR,07/11/2016,15Z,27.5,13%,1014.9 Hpa,calm.,,5/8,-,-,CS,-,33.7,-,Cloudy
IRANSHAHR,07/11/2016,12Z,32.6,11%,1013.3 Hpa,calm.,,4/8,-,-,CI,-,-,-,Scattered clouds
IRANSHAHR,07/11/2016,09Z,32.4,12%,1015.0 Hpa,calm.,,3/8,-,-,CS,-,-,-,Scattered clouds
IRANSHAHR,07/11/2016,06Z,28.8,11%,1017.8 Hpa,080º (E ),7.2,2/8,-,-,CI,-,-,-,Few clouds
IRANSHAHR,07/11/2016,03Z,19.1,19%,1016.9 Hpa,020º (N),7.2,0/8,-,-,-,-,-,17.9,Clear
IRANSHAHR,07/11/2016,00Z,18.8,20%,1014.5 Hpa,010º (N),7.2,0/8,-,-,-,-,-,-,Clear
JASK,07/11/2016,21Z,26.6,78%,1014.2 Hpa,310º (NW),18.0,0/8,-,-,-,-,-,-,"Clear, haze"
JASK,07/11/2016,18Z,27.0,84%,1015.1 Hpa,290º (W ),21.6,0/8,-,-,-,-,-,-,"Clear, mist"
JASK,07/11/2016,15Z,27.7,77%,1014.3 Hpa,280º (W ),14.4,0/8,-,-,-,-,30.5,-,"Clear, haze"
JASK,07/11/2016,12Z,29.5,178%,1013.2 Hpa,240º (SW),18.0,1/8,-,-,CI,-,-,-,"Few clouds, haze"
JASK,07/11/2016,09Z,28.8,80%,1014.8 Hpa,230º (SW),10.8,0/8,-,-,-,-,-,-,"Clear, mist"
JASK,07/11/2016,06Z,26.2,362%,1017.1 Hpa,090º (E ),10.8,0/8,-,-,-,-,-,-,"Clear, mist"
JASK,07/11/2016,03Z,24.3,84%,1015.0 Hpa,calm.,,0/8,-,-,-,-,-,23.5,"Clear, mist"
JASK,07/11/2016,00Z,24.7,86%,1013.2 Hpa,calm.,,0/8,-,-,-,-,-,-,"Clear, mist"
KAHNUJ,07/11/2016,21Z,23.1,51%,1010.8 Hpa,240º (SW),14.4,0/8,-,-,-,-,-,-,Clear
KAHNUJ,07/11/2016,18Z,25.7,35%,1011.3 Hpa,240º (SW),28.8,0/8,-,-,-,-,-,-,Clear
KAHNUJ,07/11/2016,15Z,27.5,32%,1011.4 Hpa,230º (SW),10.8,0/8,-,-,-,-,32.9,-,Clear
KAHNUJ,07/11/2016,12Z,32.9,18%,1009.4 Hpa,210º (SW),14.4,0/8,-,-,-,-,-,-,Clear
KAHNUJ,07/11/2016,09Z,32.4,17%,1010.9 Hpa,210º (SW),28.8,2/8,-,-,CI,-,-,-,Few clouds
KAHNUJ,07/11/2016,06Z,27.5,32%,1014.2 Hpa,210º (SW),7.2,0/8,-,-,-,-,-,-,Clear
KAHNUJ,07/11/2016,03Z,21.0,32%,1012.5 Hpa,calm.,,0/8,-,-,-,-,-,17.5,Clear
KAHNUJ,07/11/2016,00Z,20.2,30%,1010.5 Hpa,calm.,,0/8,-,-,-,-,-,-,Clear
KASHAN,07/11/2016,21Z,10.4,85%,1021.5 Hpa,230º (SW),7.2,2/8,-,2/8 AC,-,-,-,-,Few clouds
KASHAN,07/11/2016,18Z,12.4,73%,1021.4 Hpa,calm.,,3/8,-,3/8 AC,-,2.0(6h),-,-,Scattered clouds
KASHAN,07/11/2016,15Z,15.2,56%,1020.5 Hpa,200º (S ),7.2,8/8,4/8 SC,AC,,-,17.8,-,Overcast
KASHAN,07/11/2016,12Z,17.2,45%,1019.0 Hpa,200º (S ),10.8,4/8,3/8 SC,AC,-,-,-,-,Scattered clouds
KASHAN,07/11/2016,09Z,17.0,45%,1020.1 Hpa,030º (NE),10.8,2/8,-,2/8 AC,-,-,-,-,Few clouds
KASHAN,07/11/2016,06Z,14.0,58%,1021.5 Hpa,calm.,,7/8,6/8 SC,AC,-,Tr(24h),-,-,Cloudy
KASHAN,07/11/2016,03Z,12.0,62%,1020.8 Hpa,calm.,,8/8,4/8 SC,AC,,-,-,12.0,Overcast
KASHAN,07/11/2016,00Z,12.4,64%,1018.5 Hpa,300º (NW),18.0,8/8,3/8 SC,AC,,Tr(6h),-,-,Overcast
KASHMAR,07/11/2016,21Z,15.1,23%,1017.5 Hpa,110º (E ),7.2,7/8,3/8 SC,AC,-,-,-,-,Cloudy
KASHMAR,07/11/2016,18Z,14.0,27%,1018.8 Hpa,090º (E ),14.4,7/8,3/8 SC,AC,-,-,-,-,Cloudy
KASHMAR,07/11/2016,15Z,16.6,20%,1019.9 Hpa,120º (SE),14.4,8/8,2/8 SC,AC,,-,20.3,-,Overcast
KASHMAR,07/11/2016,12Z,19.5,15%,1017.3 Hpa,120º (SE),14.4,8/8,1/8 SC,AC,,-,-,-,Overcast
KASHMAR,07/11/2016,09Z,20.2,14%,1018.1 Hpa,100º (E ),18.0,6/8,-,1/8 AC,CS,-,-,-,Cloudy
KASHMAR,07/11/2016,06Z,17.8,21%,1021.6 Hpa,150º (SE),14.4,6/8,-,-,CI,-,-,-,Cloudy
KASHMAR,07/11/2016,03Z,10.4,27%,1021.6 Hpa,calm.,,3/8,1/8 SC,-,CI,-,-,10.1,Scattered clouds
KASHMAR,07/11/2016,00Z,14.2,18%,1018.3 Hpa,060º (NE),7.2,0/8,-,-,-,-,-,-,Clear
KERMAN,07/11/2016,21Z,10.0,42%,1015.9 Hpa,230º (SW),7.2,0/8,-,-,-,-,-,-,Clear
KERMAN,07/11/2016,18Z,14.1,29%,1015.6 Hpa,220º (SW),10.8,1/8,1/8 SC,-,-,-,-,-,Few clouds
KERMAN,07/11/2016,15Z,18.6,15%,1017.6 Hpa,260º (W ),14.4,3/8,-,-,CI,-,23.8,-,Scattered clouds
KERMAN,07/11/2016,12Z,22.0,18%,1014.7 Hpa,290º (W ),10.8,4/8,2/8 SC,-,CI,-,-,-,Scattered clouds
KERMAN,07/11/2016,09Z,21.7,19%,1016.7 Hpa,240º (SW),14.4,4/8,1/8 CU,-,CI,-,-,-,Scattered clouds
KERMAN,07/11/2016,06Z,17.9,23%,1019.0 Hpa,060º (NE),7.2,3/8,-,-,CI,-,-,-,Scattered clouds
KERMAN,07/11/2016,03Z,5.3,41%,1020.7 Hpa,100º (E ),10.8,1/8,-,-,CI,-,-,2.9,Few clouds
KERMAN,07/11/2016,00Z,5.4,30%,1016.5 Hpa,170º (S ),7.2,0/8,-,-,-,-,-,-,Clear
KERMANSHAH,07/11/2016,21Z,5.1,44%,1023.1 Hpa,calm.,,0/8,-,-,-,-,-,-,Clear
KERMANSHAH,07/11/2016,18Z,11.5,35%,1021.2 Hpa,280º (W ),7.2,0/8,-,-,-,-,-,-,Clear
KERMANSHAH,07/11/2016,15Z,14.0,28%,1020.2 Hpa,310º (NW),7.2,1/8,1/8 CU,-,-,-,18.8,-,Few clouds
KERMANSHAH,07/11/2016,12Z,18.0,18%,1017.2 Hpa,220º (SW),7.2,3/8,3/8 SC,-,-,-,-,-,Scattered clouds
KERMANSHAH,07/11/2016,09Z,16.2,30%,1018.6 Hpa,200º (S ),7.2,3/8,3/8 SC,-,-,-,-,-,Scattered clouds
KERMANSHAH,07/11/2016,06Z,12.4,45%,1019.8 Hpa,calm.,,0/8,-,-,-,-,-,-,Clear
KERMANSHAH,07/11/2016,03Z,7.5,48%,1019.0 Hpa,calm.,,3/8,3/8 SC,-,-,-,-,7.4,Scattered clouds
KERMANSHAH,07/11/2016,00Z,11.6,41%,1016.1 Hpa,calm.,,5/8,5/8 SC,-,-,-,-,-,Cloudy
KHARG,07/11/2016,15Z,24.7,45%,1019.1 Hpa,320º (NW),25.2,0/8,-,-,-,-,25.6,-,Clear
KHARG,07/11/2016,12Z,25.2,44%,1018.7 Hpa,330º (NW),25.2,3/8,-,3/8 AC,-,-,-,-,Scattered clouds
KHARG,07/11/2016,09Z,25.1,52%,1019.5 Hpa,310º (NW),18.0,6/8,3/8 SC,AC,-,-,-,-,Cloudy
KHARG,07/11/2016,06Z,23.9,67%,1019.8 Hpa,290º (W ),21.6,8/8,5/8 CB,AC,,-,-,-,Overcast
KHARG,07/11/2016,03Z,24.8,67%,1017.5 Hpa,310º (NW),32.4,8/8,5/8 CB,AC,,-,-,22.5,Overcast
KHOR,07/11/2016,21Z,14.0,70%,1018.6 Hpa,calm.,,8/8,3/8 SC,AC,,-,-,-,"Overcast, rain"
KHOR,07/11/2016,18Z,16.0,53%,1019.8 Hpa,calm.,,8/8,3/8 SC,AC,,-,-,-,Overcast
KHOR,07/11/2016,15Z,18.6,41%,1019.0 Hpa,320º (NW),7.2,7/8,1/8 SC,AC,CI,-,21.2,-,Cloudy
KHOR,07/11/2016,12Z,20.0,19%,1017.2 Hpa,010º (N),7.2,8/8,1/8 SC,AC,CI,-,-,-,Overcast
KHOR,07/11/2016,09Z,20.6,14%,1018.6 Hpa,040º (NE),7.2,7/8,1/8 SC,AC,CI,-,-,-,Cloudy
KHOR,07/11/2016,06Z,17.8,38%,1019.5 Hpa,calm.,,4/8,-,2/8 AC,CI,-,-,-,Scattered clouds
KHOR,07/11/2016,03Z,15.0,44%,1019.0 Hpa,calm.,,7/8,-,2/8 AC,CI,-,-,14.0,Cloudy
KHOR,07/11/2016,00Z,16.4,25%,1016.7 Hpa,calm.,,3/8,-,-,CI,-,-,-,Scattered clouds
KHORRAM ABAD,07/11/2016,21Z,7.6,76%,1023.0 Hpa,130º (SE),7.2,1/8,1/8 SC,-,-,-,-,-,Few clouds
KHORRAM ABAD,07/11/2016,18Z,11.0,65%,1023.1 Hpa,140º (SE),7.2,1/8,1/8 SC,-,-,6.0(6h),-,-,Few clouds
KHORRAM ABAD,07/11/2016,15Z,13.8,56%,1022.2 Hpa,120º (SE),7.2,-,-,-,-,-,20.0,-,thunderstorm
KHORRAM ABAD,07/11/2016,12Z,17.8,43%,1017.9 Hpa,290º (W ),28.8,3/8,3/8 CB,-,-,Tr(6h),-,-,"Scattered clouds, thunderstorm no precipitation"
KHORRAM ABAD,07/11/2016,09Z,18.3,47%,1019.1 Hpa,280º (W ),18.0,3/8,3/8 CU,-,-,-,-,-,Scattered clouds
KHORRAM ABAD,07/11/2016,06Z,13.3,68%,1021.0 Hpa,calm.,,2/8,2/8 CU,-,-,-,-,-,Few clouds
KHORRAM ABAD,07/11/2016,03Z,7.8,81%,1020.3 Hpa,calm.,,3/8,2/8 SC,AC,-,-,-,7.6,Scattered clouds
KHORRAM ABAD,07/11/2016,00Z,10.4,77%,1018.0 Hpa,140º (SE),7.2,3/8,-,3/8 AC,-,-,-,-,Scattered clouds
KHOY,07/11/2016,21Z,4.2,84%,1025.6 Hpa,calm.,,0/8,-,-,-,-,-,-,Clear
KHOY,07/11/2016,18Z,6.4,80%,1026.0 Hpa,calm.,,0/8,-,-,-,-,-,-,Clear
KHOY,07/11/2016,15Z,9.6,68%,1025.1 Hpa,calm.,,0/8,-,-,-,-,13.0,-,Clear
KHOY,07/11/2016,12Z,12.8,49%,1024.5 Hpa,070º (E ),10.8,0/8,-,-,-,-,-,-,Clear
KHOY,07/11/2016,09Z,11.0,61%,1025.8 Hpa,070º (E ),10.8,0/8,-,-,-,-,-,-,Clear
KHOY,07/11/2016,06Z,5.2,76%,1028.0 Hpa,calm.,,0/8,-,-,-,-,-,-,Clear
KHOY,07/11/2016,03Z,-0.6,91%,1027.5 Hpa,calm.,,0/8,-,-,-,-,-,-0.6,Clear
KHOY,07/11/2016,00Z,0.4,92%,1025.6 Hpa,calm.,,0/8,-,-,-,-,-,-,Clear
KISH ISLAND,07/11/2016,21Z,28.6,52%,1015.5 Hpa,360º (N ),21.6,0/8,-,-,-,-,-,-,"Clear, haze"
KISH ISLAND,07/11/2016,18Z,27.4,59%,1015.7 Hpa,350º (N ),10.8,0/8,-,-,-,-,-,-,"Clear, haze"
KISH ISLAND,07/11/2016,15Z,28.8,50%,1015.4 Hpa,310º (NW),18.0,0/8,-,-,-,-,31.8,-,"Clear, haze"
KISH ISLAND,07/11/2016,12Z,30.6,57%,1014.7 Hpa,280º (W ),18.0,1/8,-,-,CI,-,-,-,"Few clouds, haze"
KISH ISLAND,07/11/2016,09Z,30.8,61%,1015.6 Hpa,290º (W ),18.0,3/8,3/8 CU,-,-,-,-,-,"Scattered clouds, haze"
KISH ISLAND,07/11/2016,06Z,30.6,62%,1017.0 Hpa,calm.,,3/8,-,-,CI,-,-,-,"Scattered clouds, haze"
KISH ISLAND,07/11/2016,03Z,24.4,88%,1015.4 Hpa,calm.,,1/8,-,-,CI,-,-,24.0,"Few clouds, mist"
KISH ISLAND,07/11/2016,00Z,24.2,90%,1013.7 Hpa,calm.,,0/8,-,-,-,-,-,-,"Clear, mist"
MAKKO,07/11/2016,21Z,2.4,73%,1026.8 Hpa,calm.,,3/8,-,-,CS,-,-,-,Scattered clouds
MAKKO,07/11/2016,18Z,4.2,69%,1027.3 Hpa,calm.,,6/8,-,-,CI,-,-,-,Cloudy
MAKKO,07/11/2016,15Z,7.0,50%,1027.4 Hpa,330º (NW),14.4,0/8,-,-,-,-,10.4,-,Clear
MAKKO,07/11/2016,12Z,10.0,44%,1025.0 Hpa,030º (NE),7.2,0/8,-,-,-,-,-,-,Clear
MAKKO,07/11/2016,09Z,7.6,46%,1027.3 Hpa,030º (NE),7.2,0/8,-,-,-,-,-,-,Clear
MAKKO,07/11/2016,06Z,3.6,69%,1028.9 Hpa,calm.,,0/8,-,-,-,-,-,-,Clear
MAKKO,07/11/2016,03Z,-0.8,80%,1028.6 Hpa,270º (W ),7.2,0/8,-,-,-,-,-,-0.8,Clear
MAKKO,07/11/2016,00Z,1.0,69%,1026.2 Hpa,calm.,,0/8,-,-,-,-,-,-,Clear
MARAGHEH,07/11/2016,21Z,4.4,64%,1024.5 Hpa,080º (E ),14.4,0/8,-,-,-,-,-,-,Clear
MARAGHEH,07/11/2016,18Z,5.2,65%,1024.8 Hpa,090º (E ),7.2,0/8,-,-,-,-,-,-,Clear
MARAGHEH,07/11/2016,15Z,9.4,54%,1023.8 Hpa,220º (SW),7.2,0/8,-,-,-,-,14.2,-,Clear
MARAGHEH,07/11/2016,12Z,13.4,41%,1021.3 Hpa,280º (W ),14.4,1/8,1/8 CU,-,-,-,-,-,Few clouds
MARAGHEH,07/11/2016,09Z,12.6,47%,1022.4 Hpa,280º (W ),7.2,1/8,1/8 CU,-,-,-,-,-,Few clouds
MARAGHEH,07/11/2016,06Z,9.6,59%,1024.2 Hpa,100º (E ),10.8,1/8,1/8 CU,-,-,-,-,-,Few clouds
MARAGHEH,07/11/2016,03Z,4.6,79%,1023.9 Hpa,070º (E ),7.2,4/8,1/8 SC,-,CI,-,-,4.6,Scattered clouds
MARAGHEH,07/11/2016,00Z,7.8,63%,1021.2 Hpa,080º (E ),14.4,3/8,1/8 SC,-,CI,-,-,-,Scattered clouds
MARAVEH-TAPPEH,07/11/2016,21Z,10.7,90%,1024.3 Hpa,calm.,,8/8,4/8 SC,AC,,-,-,-,"Overcast, rain"
MARAVEH-TAPPEH,07/11/2016,18Z,11.8,85%,1025.7 Hpa,calm.,,8/8,1/8 SC,AC,,-,-,-,Overcast
MARAVEH-TAPPEH,07/11/2016,15Z,12.0,86%,1026.2 Hpa,170º (S ),7.2,6/8,1/8 SC,AC,-,-,15.0,-,Cloudy
MARAVEH-TAPPEH,07/11/2016,12Z,14.0,70%,1025.9 Hpa,280º (W ),7.2,7/8,2/8 SC,AC,-,-,-,-,Cloudy
MARAVEH-TAPPEH,07/11/2016,09Z,14.2,64%,1026.7 Hpa,310º (NW),7.2,5/8,1/8 CU,AC,-,-,-,-,Cloudy
MARAVEH-TAPPEH,07/11/2016,06Z,14.4,60%,1028.0 Hpa,calm.,,5/8,2/8 CU,AC,-,-,-,-,Cloudy
MARAVEH-TAPPEH,07/11/2016,03Z,9.3,82%,1028.3 Hpa,calm.,,5/8,-,-,CI,-,-,8.9,Cloudy
MARAVEH-TAPPEH,07/11/2016,00Z,10.5,83%,1027.5 Hpa,130º (SE),7.2,6/8,-,6/8 AC,-,-,-,-,Cloudy
MASHHAD,07/11/2016,21Z,8.0,65%,1024.4 Hpa,040º (NE),7.2,8/8,2/8 SC,AC,,-,-,-,Overcast
MASHHAD,07/11/2016,18Z,8.4,61%,1027.0 Hpa,160º (S ),7.2,8/8,1/8 SC,AC,,-,-,-,Overcast
MASHHAD,07/11/2016,15Z,10.1,55%,1027.3 Hpa,140º (SE),10.8,8/8,2/8 SC,AC,,-,12.5,-,Overcast
MASHHAD,07/11/2016,12Z,11.6,49%,1026.2 Hpa,120º (SE),7.2,8/8,2/8 SC,AC,,-,-,-,Overcast
MASHHAD,07/11/2016,09Z,12.5,48%,1027.1 Hpa,060º (NE),7.2,8/8,2/8 SC,AC,,-,-,-,Overcast
MASHHAD,07/11/2016,06Z,10.6,54%,1029.4 Hpa,090º (E ),10.8,7/8,2/8 SC,AC,-,-,-,-,Cloudy
MASHHAD,07/11/2016,03Z,7.6,63%,1028.6 Hpa,170º (S ),7.2,6/8,3/8 SC,AC,-,-,-,7.1,Cloudy
MASHHAD,07/11/2016,00Z,7.6,66%,1025.4 Hpa,150º (SE),7.2,4/8,2/8 SC,AC,-,-,-,-,Scattered clouds
MASJED-SOLEYMAN,07/11/2016,21Z,16.1,34%,1019.7 Hpa,170º (S ),3.6,0/8,-,-,-,-,-,-,Clear
MASJED-SOLEYMAN,07/11/2016,18Z,18.5,29%,1019.7 Hpa,190º (S ),3.6,0/8,-,-,-,-,-,-,Clear
MASJED-SOLEYMAN,07/11/2016,15Z,21.8,21%,1018.1 Hpa,240º (SW),7.2,2/8,2/8 CU,-,-,-,25.6,-,Few clouds
MASJED-SOLEYMAN,07/11/2016,12Z,25.0,24%,1016.8 Hpa,240º (SW),10.8,2/8,2/8 CU,-,-,-,-,-,Few clouds
MASJED-SOLEYMAN,07/11/2016,09Z,24.9,38%,1017.4 Hpa,250º (W ),10.8,4/8,4/8 SC,-,-,-,-,-,Scattered clouds
MASJED-SOLEYMAN,07/11/2016,06Z,22.3,57%,1017.6 Hpa,140º (SE),7.2,3/8,3/8 SC,-,-,0.1(24h),-,-,Scattered clouds
MASJED-SOLEYMAN,07/11/2016,03Z,18.3,70%,1016.3 Hpa,210º (SW),7.2,2/8,2/8 SC,-,-,-,-,17.5,"Few clouds, haze"
MASJED-SOLEYMAN,07/11/2016,00Z,17.7,82%,1015.1 Hpa,130º (SE),3.6,5/8,4/8 CB,AC,-,-,-,-,Cloudy
MEYANEH,07/11/2016,21Z,6.4,75%,1023.1 Hpa,calm.,,0/8,-,-,-,-,-,-,Clear
MEYANEH,07/11/2016,18Z,9.4,63%,1023.1 Hpa,calm.,,1/8,1/8 SC,-,-,-,-,-,Few clouds
MEYANEH,07/11/2016,15Z,13.0,47%,1021.6 Hpa,calm.,,1/8,1/8 SC,-,-,-,16.4,-,Few clouds
MEYANEH,07/11/2016,12Z,16.0,42%,1020.0 Hpa,calm.,,2/8,2/8 CU,-,CI,-,-,-,Few clouds
MEYANEH,07/11/2016,09Z,14.0,49%,1022.7 Hpa,calm.,,2/8,2/8 CU,-,CI,-,-,-,Few clouds
MEYANEH,07/11/2016,06Z,10.4,64%,1025.4 Hpa,calm.,,3/8,1/8 CU,-,CI,-,-,-,Scattered clouds
MEYANEH,07/11/2016,03Z,7.2,80%,1024.2 Hpa,calm.,,2/8,2/8 SC,-,-,-,-,7.2,Few clouds
MEYANEH,07/11/2016,00Z,9.4,70%,1022.7 Hpa,030º (NE),7.2,5/8,4/8 CB,AC,-,-,-,-,Cloudy
MOHABAD,07/11/2016,21Z,4.2,70%,1024.7 Hpa,calm.,,0/8,-,-,-,-,-,-,Clear
MOHABAD,07/11/2016,18Z,6.9,58%,1024.6 Hpa,calm.,,0/8,-,-,-,-,-,-,Clear
MOHABAD,07/11/2016,15Z,9.1,48%,1023.2 Hpa,calm.,,0/8,-,-,-,-,14.4,-,Clear
MOHABAD,07/11/2016,12Z,13.6,41%,1021.0 Hpa,calm.,,1/8,1/8 CU,-,-,-,-,-,Few clouds
MOHABAD,07/11/2016,09Z,11.9,47%,1023.5 Hpa,calm.,,2/8,2/8 CU,-,-,-,-,-,Few clouds
MOHABAD,07/11/2016,06Z,8.7,53%,1025.7 Hpa,calm.,,5/8,5/8 SC,-,-,-,-,-,Cloudy
MOHABAD,07/11/2016,03Z,7.9,56%,1023.5 Hpa,calm.,,8/8,4/8 SC,AC,,-,-,5.2,Overcast
MOHABAD,07/11/2016,00Z,8.2,59%,1021.2 Hpa,calm.,,4/8,4/8 SC,-,-,-,-,-,Scattered clouds
NEHBANDAN,07/11/2016,21Z,9.9,22%,1016.5 Hpa,calm.,,0/8,-,-,-,-,-,-,Clear
NEHBANDAN,07/11/2016,18Z,14.9,15%,1017.5 Hpa,calm.,,0/8,-,-,-,-,-,-,Clear
NEHBANDAN,07/11/2016,15Z,17.9,12%,1020.0 Hpa,080º (E ),7.2,2/8,-,-,CI,-,23.8,-,Few clouds
NEHBANDAN,07/11/2016,12Z,22.1,9%,1017.6 Hpa,130º (SE),14.4,7/8,-,1/8 AC,CI,-,-,-,Cloudy
NEHBANDAN,07/11/2016,09Z,23.2,8%,1018.2 Hpa,130º (SE),14.4,5/8,-,-,CI,-,-,-,Cloudy
NEHBANDAN,07/11/2016,06Z,20.6,9%,1020.1 Hpa,090º (E ),7.2,2/8,-,-,CI,-,-,-,Few clouds
NEHBANDAN,07/11/2016,03Z,7.4,26%,1020.6 Hpa,calm.,,1/8,-,1/8 AC,CI,-,-,7.0,Few clouds
NEHBANDAN,07/11/2016,00Z,8.6,21%,1017.8 Hpa,030º (NE),7.2,0/8,-,-,-,-,-,-,Clear
NOSHAHR,07/11/2016,21Z,12.0,94%,1023.4 Hpa,180º (S ),7.2,6/8,6/8 CB,-,-,-,-,-,Cloudy
NOSHAHR,07/11/2016,18Z,12.8,97%,1024.2 Hpa,calm.,,8/8,8/8 CB,,,0.1(6h),-,-,"Overcast, mist"
NOSHAHR,07/11/2016,15Z,13.0,97%,1024.7 Hpa,calm.,,6/8,4/8 CB,AC,-,-,13.8,-,"Cloudy, mist"
NOSHAHR,07/11/2016,12Z,13.8,95%,1025.0 Hpa,200º (S ),7.2,8/8,6/8 CB,AC,,5.0(6h),-,-,"Overcast, rain"
NOSHAHR,07/11/2016,09Z,13.0,95%,1026.3 Hpa,280º (W ),10.8,8/8,8/8 CB,,,-,-,-,"Overcast, drizzle"
NOSHAHR,07/11/2016,06Z,13.0,97%,1027.2 Hpa,calm.,,8/8,8/8 CB,,,4.0(6h),-,-,"Overcast, drizzle"
NOSHAHR,07/11/2016,03Z,12.6,97%,1026.5 Hpa,170º (S ),7.2,8/8,7/8 ST,AC,,-,-,12.0,"Overcast, drizzle"
NOSHAHR,07/11/2016,00Z,12.4,97%,1026.9 Hpa,calm.,,8/8,8/8 CB,,,7.0(6h),-,-,"Overcast, drizzle"
OMIDYEH-AGHAJARI,07/11/2016,21Z,13.0,41%,1021.4 Hpa,340º (N ),7.2,0/8,-,-,-,-,-,-,Clear
OMIDYEH-AGHAJARI,07/11/2016,18Z,17.0,31%,1021.5 Hpa,340º (N ),14.4,0/8,-,-,-,-,-,-,Clear
OMIDYEH-AGHAJARI,07/11/2016,15Z,20.7,29%,1019.9 Hpa,300º (NW),7.2,0/8,-,-,-,-,27.1,-,Clear
OMIDYEH-AGHAJARI,07/11/2016,12Z,26.9,21%,1019.4 Hpa,290º (W ),18.0,0/8,-,-,-,-,-,-,Clear
OMIDYEH-AGHAJARI,07/11/2016,09Z,26.0,26%,1020.3 Hpa,310º (NW),14.4,3/8,3/8 SC,-,-,-,-,-,Scattered clouds
OMIDYEH-AGHAJARI,07/11/2016,06Z,20.0,58%,1020.2 Hpa,330º (NW),10.8,6/8,6/8 CB,-,-,-,-,-,Cloudy
OMIDYEH-AGHAJARI,07/11/2016,03Z,17.3,72%,1018.1 Hpa,310º (NW),7.2,4/8,4/8 CB,-,-,-,-,17.3,Scattered clouds
OMIDYEH-AGHAJARI,07/11/2016,00Z,20.0,71%,1017.3 Hpa,290º (W ),7.2,5/8,5/8 CB,-,-,-,-,-,Cloudy
ORUMIEH,07/11/2016,21Z,2.0,82%,1023.5 Hpa,290º (W ),7.2,0/8,-,-,-,-,-,-,Clear
ORUMIEH,07/11/2016,18Z,2.8,80%,1024.9 Hpa,340º (N ),10.8,0/8,-,-,-,-,-,-,Clear
ORUMIEH,07/11/2016,15Z,5.0,71%,1025.7 Hpa,150º (SE),7.2,0/8,-,-,-,-,14.0,-,Clear
ORUMIEH,07/11/2016,12Z,13.4,40%,1022.0 Hpa,100º (E ),7.2,0/8,-,-,-,-,-,-,Clear
ORUMIEH,07/11/2016,09Z,13.4,40%,1024.0 Hpa,140º (SE),10.8,1/8,1/8 CU,-,-,-,-,-,Few clouds
ORUMIEH,07/11/2016,06Z,8.8,49%,1026.2 Hpa,260º (W ),10.8,2/8,1/8 SC,-,CI,-,-,-,Few clouds
ORUMIEH,07/11/2016,03Z,1.6,70%,1025.7 Hpa,290º (W ),14.4,0/8,-,-,-,-,-,0.0,Clear
ORUMIEH,07/11/2016,00Z,2.2,72%,1022.6 Hpa,280º (W ),14.4,2/8,-,-,CI,-,-,-,Few clouds
PARS ABAD MOGHAN,07/11/2016,21Z,5.6,95%,1019.9 Hpa,360º (N ),7.2,0/8,-,-,-,-,-,-,Clear
PARS ABAD MOGHAN,07/11/2016,18Z,6.8,93%,1020.6 Hpa,360º (N ),10.8,0/8,-,-,-,-,-,-,Clear
PARS ABAD MOGHAN,07/11/2016,15Z,10.9,78%,1020.6 Hpa,360º (N ),7.2,0/8,-,-,-,-,16.7,-,Clear
PARS ABAD MOGHAN,07/11/2016,12Z,16.4,56%,1020.3 Hpa,calm.,,0/8,-,-,-,-,-,-,Clear
PARS ABAD MOGHAN,07/11/2016,09Z,16.2,67%,1022.6 Hpa,calm.,,2/8,2/8 SC,-,-,-,-,-,Few clouds
PARS ABAD MOGHAN,07/11/2016,06Z,9.6,92%,1024.7 Hpa,calm.,,0/8,-,-,-,-,-,-,"Clear, mist"
PARS ABAD MOGHAN,07/11/2016,03Z,5.9,100%,1024.7 Hpa,calm.,,0/8,-,-,-,-,-,5.3,"Clear, fog"
PARS ABAD MOGHAN,07/11/2016,00Z,7.8,90%,1024.7 Hpa,calm.,,7/8,4/8 SC,AC,-,-,-,-,Cloudy
RAMSAR,07/11/2016,21Z,11.0,89%,1023.2 Hpa,240º (SW),7.2,0/8,-,-,-,-,-,-,Clear
RAMSAR,07/11/2016,18Z,12.4,90%,1023.7 Hpa,calm.,,4/8,1/8 SC,AC,-,-,-,-,Scattered clouds
RAMSAR,07/11/2016,15Z,13.8,93%,1024.5 Hpa,calm.,,8/8,6/8 CB,AC,,-,14.6,-,Overcast
RAMSAR,07/11/2016,12Z,14.6,90%,1024.7 Hpa,080º (E ),7.2,7/8,5/8 CB,AC,-,1.0(6h),-,-,"Cloudy, mist"
RAMSAR,07/11/2016,09Z,13.0,95%,1026.4 Hpa,310º (NW),7.2,8/8,8/8 ST,,,-,-,-,"Overcast, drizzle"
RAMSAR,07/11/2016,06Z,12.8,93%,1027.6 Hpa,320º (NW),7.2,8/8,5/8 ST,AC,,0.5(6h),-,-,"Overcast, rain"
RAMSAR,07/11/2016,03Z,12.4,94%,1026.5 Hpa,calm.,,8/8,5/8 CB,AC,,-,-,12.4,Overcast
RAMSAR,07/11/2016,00Z,12.6,93%,1026.3 Hpa,calm.,,8/8,5/8 CB,AC,,12.0(6h),-,-,"Overcast, rain"
RASHT,07/11/2016,21Z,8.0,100%,1023.4 Hpa,calm.,,,-,-,-,-,-,-,fog
RASHT,07/11/2016,18Z,10.6,97%,1024.7 Hpa,calm.,,0/8,-,-,-,-,-,-,"Clear, mist"
RASHT,07/11/2016,15Z,11.8,94%,1024.9 Hpa,calm.,,2/8,-,-,CI,-,15.0,-,Few clouds
RASHT,07/11/2016,12Z,14.4,86%,1025.3 Hpa,110º (E ),7.2,6/8,4/8 CB,AC,-,0.3(6h),-,-,"Cloudy, mist"
RASHT,07/11/2016,09Z,13.4,90%,1027.2 Hpa,Vble.,,8/8,5/8 CB,AC,,-,-,-,"Overcast, mist"
RASHT,07/11/2016,06Z,12.6,94%,1028.7 Hpa,calm.,,8/8,6/8 CB,AC,,2.0(6h),-,-,"Overcast, rain"
RASHT,07/11/2016,03Z,12.2,97%,1027.6 Hpa,calm.,,8/8,6/8 CB,AC,,-,-,12.0,"Overcast, drizzle"
RASHT,07/11/2016,00Z,12.2,97%,1027.6 Hpa,calm.,,8/8,6/8 CB,AC,,2.0(6h),-,-,"Overcast, rain"
SABZEVAR,07/11/2016,21Z,11.8,39%,1020.0 Hpa,080º (E ),25.2,8/8,5/8 ST,AC,,-,-,-,Overcast
SABZEVAR,07/11/2016,18Z,12.4,44%,1021.0 Hpa,090º (E ),25.2,8/8,2/8 SC,AC,-,-,-,-,Overcast
SABZEVAR,07/11/2016,15Z,13.9,37%,1021.9 Hpa,100º (E ),18.0,8/8,4/8 CB,AC,,-,18.1,-,Overcast
SABZEVAR,07/11/2016,12Z,17.0,27%,1020.2 Hpa,110º (E ),14.4,8/8,4/8 CB,AC,,-,-,-,Overcast
SABZEVAR,07/11/2016,09Z,17.8,27%,1021.2 Hpa,090º (E ),21.6,5/8,2/8 SC,AC,CI,-,-,-,Cloudy
SABZEVAR,07/11/2016,06Z,12.3,47%,1024.2 Hpa,100º (E ),25.2,7/8,3/8 SC,AC,CS,0.4(6h),-,-,Cloudy
SABZEVAR,07/11/2016,03Z,10.7,54%,1023.6 Hpa,110º (E ),18.0,7/8,5/8 CB,-,CI,-,-,10.7,Cloudy
SABZEVAR,07/11/2016,00Z,12.0,39%,1020.8 Hpa,140º (SE),10.8,4/8,-,-,CI,-,-,-,Scattered clouds
SAFI-ABAD DEZFUL,07/11/2016,21Z,11.6,78%,1021.4 Hpa,calm.,,0/8,-,-,-,-,-,-,Clear
SAFI-ABAD DEZFUL,07/11/2016,18Z,14.2,61%,1021.2 Hpa,calm.,,0/8,-,-,-,-,-,-,Clear
SAFI-ABAD DEZFUL,07/11/2016,15Z,19.2,53%,1019.4 Hpa,250º (W ),7.2,0/8,-,-,-,-,26.0,-,Clear
SAFI-ABAD DEZFUL,07/11/2016,12Z,25.2,30%,1018.4 Hpa,290º (W ),7.2,0/8,-,-,-,-,-,-,Clear
SAFI-ABAD DEZFUL,07/11/2016,09Z,23.6,48%,1019.5 Hpa,calm.,,0/8,-,-,-,-,-,-,Clear
SAFI-ABAD DEZFUL,07/11/2016,06Z,17.6,74%,1019.7 Hpa,calm.,,0/8,-,-,-,2.0(24h),-,-,Clear
SAFI-ABAD DEZFUL,07/11/2016,03Z,13.0,88%,1018.3 Hpa,calm.,,2/8,2/8 SC,-,-,-,-,13.0,Few clouds
SAFI-ABAD DEZFUL,07/11/2016,00Z,14.4,84%,1017.1 Hpa,calm.,,0/8,-,-,-,-,-,-,Clear
SAGHEZ,07/11/2016,21Z,0.3,83%,1026.8 Hpa,180º (S ),7.2,0/8,-,-,-,-,-,-,Clear
SAGHEZ,07/11/2016,18Z,2.7,72%,1026.6 Hpa,calm.,,0/8,-,-,-,-,-,-,Clear
SAGHEZ,07/11/2016,15Z,9.0,53%,1024.2 Hpa,calm.,,0/8,-,-,-,-,12.5,-,Clear
SAGHEZ,07/11/2016,12Z,12.0,49%,1022.6 Hpa,330º (NW),10.8,5/8,4/8 CU,AC,-,-,-,-,Cloudy
SAGHEZ,07/11/2016,09Z,9.9,60%,1024.6 Hpa,calm.,,7/8,3/8 SC,AC,-,-,-,-,Cloudy
SAGHEZ,07/11/2016,06Z,7.4,68%,1025.7 Hpa,calm.,,7/8,2/8 SC,AC,-,-,-,-,Cloudy
SAGHEZ,07/11/2016,03Z,4.4,75%,1023.8 Hpa,calm.,,7/8,2/8 CU,AC,-,-,-,2.6,Cloudy
SAGHEZ,07/11/2016,00Z,3.4,75%,1022.0 Hpa,calm.,,6/8,1/8 CU,AC,-,-,-,-,Cloudy
SANANDAJ,07/11/2016,21Z,4.1,87%,1024.2 Hpa,calm.,,1/8,1/8 SC,-,-,-,-,-,Few clouds
SANANDAJ,07/11/2016,18Z,7.5,76%,1023.6 Hpa,calm.,,1/8,1/8 SC,-,-,-,-,-,Few clouds
SANANDAJ,07/11/2016,15Z,11.6,57%,1021.8 Hpa,030º (NE),7.2,1/8,1/8 SC,-,-,-,15.4,-,Few clouds
SANANDAJ,07/11/2016,12Z,14.4,46%,1019.9 Hpa,350º (N ),10.8,2/8,2/8 CU,-,-,-,-,-,Few clouds
SANANDAJ,07/11/2016,09Z,13.5,51%,1021.2 Hpa,020º (N),10.8,6/8,6/8 CU,-,-,-,-,-,Cloudy
SANANDAJ,07/11/2016,06Z,10.6,64%,1021.7 Hpa,030º (NE),7.2,4/8,4/8 CU,-,-,8.6(24h),-,-,Scattered clouds
SANANDAJ,07/11/2016,03Z,7.4,76%,1020.1 Hpa,060º (NE),3.6,6/8,4/8 ST,AC,-,-,-,7.3,Cloudy
SANANDAJ,07/11/2016,00Z,8.1,73%,1018.5 Hpa,010º (N),10.8,4/8,4/8 CU/SC,-,-,8.0(6h),-,-,"Scattered clouds, haze"
SARAB,07/11/2016,21Z,-1.0,87%,1026.3 Hpa,calm.,,0/8,-,-,-,-,-,-,Clear
SARAB,07/11/2016,18Z,2.6,74%,1027.4 Hpa,calm.,,3/8,1/8 SC,AC,-,-,-,-,Scattered clouds
SARAB,07/11/2016,15Z,6.8,63%,1025.6 Hpa,310º (NW),7.2,3/8,1/8 SC,AC,-,-,12.4,-,Scattered clouds
SARAB,07/11/2016,12Z,11.2,38%,1023.3 Hpa,270º (W ),7.2,3/8,3/8 CU,-,-,-,-,-,Scattered clouds
SARAB,07/11/2016,09Z,9.4,55%,1025.6 Hpa,270º (W ),7.2,2/8,2/8 CU,-,-,-,-,-,Few clouds
SARAB,07/11/2016,06Z,3.2,84%,1027.7 Hpa,calm.,,2/8,2/8 ST,-,CI,-,-,-,"Few clouds, mist"
SARAB,07/11/2016,03Z,0.2,92%,1027.7 Hpa,calm.,,4/8,2/8 SC,AC,-,-,-,0.0,Scattered clouds
SARAB,07/11/2016,00Z,0.6,90%,1025.7 Hpa,calm.,,4/8,1/8 SC,AC,-,-,-,-,Scattered clouds
SARAKHS,07/11/2016,21Z,9.8,72%,1026.1 Hpa,270º (W ),7.2,0/8,-,-,-,-,-,-,Clear
SARAKHS,07/11/2016,18Z,9.4,78%,1027.9 Hpa,280º (W ),7.2,2/8,2/8 SC,-,-,-,-,-,Few clouds
SARAKHS,07/11/2016,15Z,12.0,64%,1029.9 Hpa,100º (E ),7.2,6/8,2/8 SC,-,CI,-,14.4,-,Cloudy
SARAKHS,07/11/2016,12Z,13.9,60%,1029.2 Hpa,calm.,,8/8,-,-,CS,-,-,-,Overcast
SARAKHS,07/11/2016,09Z,13.8,58%,1029.8 Hpa,150º (SE),7.2,8/8,-,-,CS,-,-,-,Overcast
SARAKHS,07/11/2016,06Z,13.6,60%,1032.2 Hpa,calm.,,5/8,-,-,CI,-,-,-,Cloudy
SARAKHS,07/11/2016,03Z,6.4,83%,1031.0 Hpa,calm.,,0/8,-,-,-,-,-,5.7,Clear
SARAKHS,07/11/2016,00Z,7.4,78%,1029.0 Hpa,330º (NW),7.2,0/8,-,-,-,-,-,-,Clear
SARAVAN,07/11/2016,21Z,12.5,24%,1018.4 Hpa,320º (NW),7.2,0/8,-,-,-,-,-,-,Clear
SARAVAN,07/11/2016,18Z,16.6,21%,1018.7 Hpa,calm.,,0/8,-,-,-,-,-,-,Clear
SARAVAN,07/11/2016,15Z,21.0,15%,1020.4 Hpa,050º (NE),10.8,0/8,-,-,-,-,27.0,-,Clear
SARAVAN,07/11/2016,12Z,26.3,11%,1017.7 Hpa,070º (E ),14.4,0/8,-,-,-,-,-,-,Clear
SARAVAN,07/11/2016,09Z,26.4,12%,1017.9 Hpa,010º (N),7.2,1/8,-,-,CI,-,-,-,Few clouds
SARAVAN,07/11/2016,06Z,23.8,15%,1020.1 Hpa,320º (NW),7.2,0/8,-,-,-,-,-,-,Clear
SARAVAN,07/11/2016,03Z,12.0,26%,1020.9 Hpa,350º (N ),10.8,0/8,-,-,-,-,-,10.6,Clear
SARAVAN,07/11/2016,00Z,12.5,24%,1018.5 Hpa,310º (NW),10.8,0/8,-,-,-,-,-,-,Clear
SEMNAN,07/11/2016,21Z,7.5,82%,1021.2 Hpa,040º (NE),3.6,4/8,1/8 SC,AC,-,-,-,-,Scattered clouds
SEMNAN,07/11/2016,18Z,11.0,73%,1021.5 Hpa,330º (NW),3.6,1/8,1/8 SC,-,-,-,-,-,Few clouds
SEMNAN,07/11/2016,15Z,11.6,76%,1021.7 Hpa,090º (E ),7.2,2/8,1/8 SC,-,-,-,15.4,-,Few clouds
SEMNAN,07/11/2016,12Z,12.8,86%,1020.6 Hpa,190º (S ),7.2,6/8,3/8 CB,AC,-,0.4(6h),-,-,"Cloudy, rain showers"
SEMNAN,07/11/2016,09Z,14.6,63%,1020.7 Hpa,100º (E ),7.2,6/8,4/8 CU/SC,AC,-,-,-,-,Cloudy
SEMNAN,07/11/2016,06Z,11.8,57%,1022.2 Hpa,240º (SW),7.2,8/8,4/8 CU/SC,AC,,0.2(6h),-,-,"Overcast, rain"
SEMNAN,07/11/2016,03Z,12.0,39%,1020.2 Hpa,350º (N ),7.2,4/8,4/8 SC,AC,-,-,-,11.4,Scattered clouds
SEMNAN,07/11/2016,00Z,12.6,37%,1019.4 Hpa,calm.,,5/8,2/8 SC,AC,-,-,-,-,Cloudy
SHAHRE-KORD,07/11/2016,21Z,4.0,58%,1019.2 Hpa,040º (NE),3.6,4/8,4/8 CB,-,-,-,-,-,Scattered clouds
SHAHRE-KORD,07/11/2016,18Z,5.6,53%,1020.0 Hpa,030º (NE),7.2,3/8,3/8 SC,-,-,-,-,-,Scattered clouds
SHAHRE-KORD,07/11/2016,15Z,8.1,51%,1018.8 Hpa,220º (SW),10.8,3/8,3/8 SC,-,-,-,16.2,-,Scattered clouds
SHAHRE-KORD,07/11/2016,12Z,11.0,50%,1016.6 Hpa,130º (SE),14.4,5/8,5/8 CB,-,-,Tr(6h),-,-,"Cloudy, rain showers"
SHAHRE-KORD,07/11/2016,09Z,15.1,33%,1015.0 Hpa,230º (SW),18.0,4/8,4/8 CU/SC,-,-,-,-,-,Scattered clouds
SHAHRE-KORD,07/11/2016,06Z,10.8,62%,1018.4 Hpa,360º (N ),7.2,5/8,4/8 CB,-,CI,Tr(6h),-,-,Cloudy
SHAHRE-KORD,07/11/2016,03Z,7.3,74%,1017.8 Hpa,320º (NW),10.8,7/8,6/8 CB,AC,-,-,-,5.4,"Cloudy, rain showers"
SHAHRE-KORD,07/11/2016,00Z,7.7,70%,1017.0 Hpa,220º (SW),7.2,4/8,4/8 SC,-,-,-,-,-,Scattered clouds
SHAHRUD,07/11/2016,21Z,6.6,97%,1021.6 Hpa,calm.,,4/8,4/8 SC,-,-,-,-,-,Scattered clouds
SHAHRUD,07/11/2016,18Z,8.2,87%,1022.2 Hpa,020º (N),7.2,8/8,6/8 ST,AC,,6.0(6h),-,-,"Overcast, rain"
SHAHRUD,07/11/2016,15Z,8.4,87%,1023.1 Hpa,calm.,,8/8,4/8 CB,AC,,-,13.2,-,"Overcast, thunderstorm"
SHAHRUD,07/11/2016,12Z,11.4,64%,1021.4 Hpa,calm.,,8/8,4/8 CB,AC,,0.1(6h),-,-,"Overcast, rain"
SHAHRUD,07/11/2016,09Z,12.6,43%,1022.1 Hpa,020º (N),10.8,7/8,4/8 SC,AC,-,-,-,-,Cloudy
SHAHRUD,07/11/2016,06Z,11.6,43%,1023.1 Hpa,030º (NE),14.4,4/8,4/8 SC,-,-,-,-,-,Scattered clouds
SHAHRUD,07/11/2016,03Z,9.4,54%,1022.0 Hpa,010º (N),10.8,7/8,7/8 SC,-,-,-,-,8.8,Cloudy
SHAHRUD,07/11/2016,00Z,9.8,50%,1020.5 Hpa,360º (N ),10.8,7/8,7/8 SC,-,-,-,-,-,Cloudy
SHIRAZ,07/11/2016,21Z,8.4,81%,1018.4 Hpa,310º (NW),7.2,0/8,-,-,-,-,-,-,Clear
SHIRAZ,07/11/2016,18Z,9.2,75%,1019.2 Hpa,calm.,,2/8,2/8 SC,-,-,0.5(6h),-,-,"Few clouds, haze"
SHIRAZ,07/11/2016,15Z,12.8,64%,1021.7 Hpa,020º (N),7.2,7/8,4/8 CB,AC,-,-,20.4,-,"Cloudy, haze"
SHIRAZ,07/11/2016,12Z,12.2,59%,1022.3 Hpa,300º (NW),21.6,8/8,5/8 CB,AC,,Tr(6h),-,-,"Overcast, rain"
SHIRAZ,07/11/2016,09Z,19.6,33%,1017.6 Hpa,340º (N ),18.0,7/8,4/8 CB,-,CI,-,-,-,"Cloudy, haze"
SHIRAZ,07/11/2016,06Z,19.0,25%,1018.7 Hpa,calm.,,7/8,2/8 SC,-,CI,-,-,-,"Cloudy, haze"
SHIRAZ,07/11/2016,03Z,7.6,54%,1018.2 Hpa,calm.,,6/8,-,0/8 AC,CI,-,-,7.0,Cloudy
SHIRAZ,07/11/2016,00Z,9.6,48%,1015.2 Hpa,calm.,,0/8,-,-,-,-,-,-,Clear
SIRI ISLAND,07/11/2016,15Z,30.0,56%,1016.4 Hpa,280º (W ),21.6,1/8,1/8 SC,-,-,-,32.0,-,Few clouds
SIRI ISLAND,07/11/2016,12Z,30.6,96%,1015.5 Hpa,290º (W ),21.6,1/8,1/8 SC,-,-,-,-,-,Few clouds
SIRI ISLAND,07/11/2016,09Z,31.4,58%,1016.5 Hpa,240º (SW),14.4,2/8,2/8 SC,-,-,-,-,-,Few clouds
SIRI ISLAND,07/11/2016,06Z,30.8,95%,1017.7 Hpa,220º (SW),14.4,0/8,-,-,-,-,-,-,Clear
SIRI ISLAND,07/11/2016,03Z,25.8,77%,1015.8 Hpa,calm.,,0/8,-,-,-,-,-,25.6,Clear
SIRJAN,07/11/2016,21Z,9.2,50%,1016.3 Hpa,calm.,,0/8,-,-,-,-,-,-,Clear
SIRJAN,07/11/2016,18Z,12.2,45%,1017.5 Hpa,360º (N ),10.8,0/8,-,-,-,-,-,-,Clear
SIRJAN,07/11/2016,15Z,18.6,22%,1015.6 Hpa,220º (SW),18.0,3/8,-,-,CI,-,23.2,-,Scattered clouds
SIRJAN,07/11/2016,12Z,23.1,20%,1012.5 Hpa,200º (S ),18.0,6/8,1/8 SC,-,CI,-,-,-,Cloudy
SIRJAN,07/11/2016,09Z,21.4,28%,1014.8 Hpa,170º (S ),7.2,6/8,1/8 SC,-,CI,-,-,-,Cloudy
SIRJAN,07/11/2016,06Z,18.3,39%,1017.1 Hpa,calm.,,3/8,-,-,CI,0.1(24h),-,-,Scattered clouds
SIRJAN,07/11/2016,03Z,11.8,53%,1016.1 Hpa,120º (SE),10.8,3/8,-,-,CI,-,-,11.8,Scattered clouds
SIRJAN,07/11/2016,00Z,12.6,49%,1013.0 Hpa,120º (SE),10.8,0/8,-,-,-,-,-,-,Clear
TABAS,07/11/2016,21Z,19.7,26%,1016.5 Hpa,110º (E ),10.8,8/8,2/8 SC,AC,,-,-,-,Overcast
TABAS,07/11/2016,18Z,18.9,19%,1017.3 Hpa,270º (W ),7.2,8/8,3/8 SC,AC,,-,-,-,Overcast
TABAS,07/11/2016,15Z,21.1,14%,1017.2 Hpa,290º (W ),14.4,6/8,2/8 CU,AC,-,-,24.7,-,Cloudy
TABAS,07/11/2016,12Z,23.9,13%,1015.4 Hpa,360º (N ),7.2,6/8,3/8 CU,AC,-,-,-,-,Cloudy
TABAS,07/11/2016,09Z,24.0,14%,1016.6 Hpa,190º (S ),10.8,6/8,-,6/8 AC,-,-,-,-,Cloudy
TABAS,07/11/2016,06Z,20.5,18%,1019.4 Hpa,200º (S ),7.2,5/8,-,5/8 AC,-,-,-,-,Cloudy
TABAS,07/11/2016,03Z,13.9,25%,1018.4 Hpa,calm.,,2/8,-,-,CI,-,-,13.8,Few clouds
TABAS,07/11/2016,00Z,16.0,21%,1015.5 Hpa,110º (E ),10.8,0/8,-,-,-,-,-,-,Clear
TABRIZ,07/11/2016,21Z,3.4,77%,1025.9 Hpa,070º (E ),7.2,0/8,-,-,-,-,-,-,Clear
TABRIZ,07/11/2016,18Z,4.8,70%,1026.7 Hpa,050º (NE),7.2,0/8,-,-,-,-,-,-,Clear
TABRIZ,07/11/2016,15Z,9.0,61%,1026.1 Hpa,270º (W ),7.2,0/8,-,-,-,-,13.8,-,Clear
TABRIZ,07/11/2016,12Z,13.0,42%,1022.9 Hpa,290º (W ),10.8,1/8,1/8 CU,-,-,-,-,-,Few clouds
TABRIZ,07/11/2016,09Z,12.4,51%,1024.1 Hpa,210º (SW),7.2,1/8,1/8 CU,-,-,-,-,-,Few clouds
TABRIZ,07/11/2016,06Z,8.0,64%,1026.4 Hpa,calm.,,0/8,-,-,-,-,-,-,Clear
TABRIZ,07/11/2016,03Z,2.0,86%,1026.5 Hpa,Vble.,,1/8,1/8 SC,-,-,-,-,2.0,Few clouds
TABRIZ,07/11/2016,00Z,6.6,67%,1023.0 Hpa,040º (NE),14.4,5/8,-,2/8 AC,CI,-,-,-,Cloudy
TEHRAN-MEHRABAD,07/11/2016,21Z,9.6,84%,1021.0 Hpa,310º (NW),7.2,1/8,1/8 SC,AC,-,-,-,-,"Few clouds, mist"
TEHRAN-MEHRABAD,07/11/2016,18Z,11.0,71%,1021.6 Hpa,060º (NE),7.2,4/8,2/8 CB,AC,-,4.0(6h),-,-,Scattered clouds
TEHRAN-MEHRABAD,07/11/2016,15Z,9.5,83%,1022.8 Hpa,360º (N ),10.8,7/8,5/8 CB,AC,-,-,16.0,-,"Cloudy, thunderstorm no precipitation"
TEHRAN-MEHRABAD,07/11/2016,12Z,15.6,48%,1018.9 Hpa,180º (S ),18.0,7/8,4/8 CB,AC,-,-,-,-,Cloudy
TEHRAN-MEHRABAD,07/11/2016,09Z,14.4,51%,1019.6 Hpa,250º (W ),14.4,6/8,2/8 CU,AC,-,-,-,-,Cloudy
TEHRAN-MEHRABAD,07/11/2016,06Z,14.0,49%,1020.6 Hpa,220º (SW),7.2,6/8,2/8 SC,AC,-,Tr(24h),-,-,Cloudy
TEHRAN-MEHRABAD,07/11/2016,03Z,10.0,70%,1020.6 Hpa,270º (W ),10.8,6/8,3/8 SC,AC,-,-,-,9.4,Cloudy
TEHRAN-MEHRABAD,07/11/2016,00Z,11.2,68%,1018.3 Hpa,150º (SE),10.8,6/8,2/8 SC,AC,-,Tr(6h),-,-,Cloudy
TORBAT-HEYDARIEH,07/11/2016,21Z,8.4,47%,1018.9 Hpa,060º (NE),18.0,8/8,3/8 SC,-,CS,-,-,-,Overcast
TORBAT-HEYDARIEH,07/11/2016,18Z,8.1,48%,1020.2 Hpa,060º (NE),18.0,6/8,2/8 SC,-,CI,-,-,-,Cloudy
TORBAT-HEYDARIEH,07/11/2016,15Z,10.6,31%,1022.1 Hpa,060º (NE),18.0,5/8,-,-,CI,-,16.4,-,Cloudy
TORBAT-HEYDARIEH,07/11/2016,12Z,14.5,22%,1019.2 Hpa,090º (E ),21.6,7/8,-,2/8 AC,CI,-,-,-,Cloudy
TORBAT-HEYDARIEH,07/11/2016,09Z,16.0,19%,1020.2 Hpa,090º (E ),21.6,4/8,-,-,CI,-,-,-,Scattered clouds
TORBAT-HEYDARIEH,07/11/2016,06Z,12.6,31%,1022.8 Hpa,070º (E ),21.6,4/8,-,-,CI,-,-,-,Scattered clouds
TORBAT-HEYDARIEH,07/11/2016,03Z,8.7,39%,1023.2 Hpa,080º (E ),18.0,4/8,-,2/8 AC,CI,-,-,8.1,Scattered clouds
TORBAT-HEYDARIEH,07/11/2016,00Z,3.0,42%,1018.9 Hpa,340º (N ),7.2,0/8,-,-,-,-,-,-,Clear
YASOGE,07/11/2016,21Z,5.0,85%,1022.3 Hpa,calm.,,0/8,-,-,-,-,-,-,Clear
YASOGE,07/11/2016,18Z,7.4,76%,1021.5 Hpa,120º (SE),14.4,1/8,1/8 SC,-,-,-,-,-,Few clouds
YASOGE,07/11/2016,15Z,10.4,68%,1021.0 Hpa,calm.,,3/8,3/8 SC,-,-,-,12.6,-,Scattered clouds
YASOGE,07/11/2016,12Z,11.8,59%,1020.0 Hpa,180º (S ),7.2,7/8,4/8 SC,AC,-,Tr(6h),-,-,Cloudy
YASOGE,07/11/2016,09Z,11.2,75%,1021.1 Hpa,120º (SE),10.8,8/8,5/8 CB,AC,,-,-,-,Overcast
YASOGE,07/11/2016,06Z,11.0,73%,1021.1 Hpa,150º (SE),10.8,8/8,3/8 CB,AC,,0.3(6h),-,-,"Overcast, dust"
YASOGE,07/11/2016,03Z,9.4,76%,1018.9 Hpa,calm.,,8/8,4/8 SC,AC,,-,-,9.4,"Overcast, rain"
YASOGE,07/11/2016,00Z,10.0,48%,1015.6 Hpa,calm.,,4/8,4/8 SC,-,-,-,-,-,Scattered clouds
YAZD,07/11/2016,21Z,11.6,65%,1020.4 Hpa,290º (W ),14.4,2/8,-,1/8 AC,CI,-,-,-,Few clouds
YAZD,07/11/2016,18Z,14.6,44%,1019.8 Hpa,290º (W ),14.4,3/8,-,1/8 AC,CI,-,-,-,Scattered clouds
YAZD,07/11/2016,15Z,18.0,22%,1019.4 Hpa,360º (N ),10.8,8/8,3/8 SC,AC,CS,-,23.1,-,Overcast
YAZD,07/11/2016,12Z,21.6,20%,1016.4 Hpa,320º (NW),14.4,8/8,1/8 SC,AC,CS,-,-,-,Overcast
YAZD,07/11/2016,09Z,20.8,22%,1016.3 Hpa,120º (SE),18.0,7/8,1/8 CU,AC,-,-,-,-,Cloudy
YAZD,07/11/2016,06Z,16.0,31%,1020.7 Hpa,120º (SE),10.8,5/8,1/8 CU,AC,CI,-,-,-,Cloudy
YAZD,07/11/2016,03Z,10.8,46%,1019.8 Hpa,240º (SW),7.2,2/8,-,-,CI,-,-,10.3,Few clouds
YAZD,07/11/2016,00Z,12.0,41%,1017.2 Hpa,260º (W ),7.2,0/8,-,-,-,-,-,-,Clear
ZABOL,07/11/2016,21Z,11.1,37%,1018.1 Hpa,350º (N ),10.8,0/8,-,-,-,-,-,-,Clear
ZABOL,07/11/2016,18Z,14.1,28%,1019.3 Hpa,350º (N ),10.8,0/8,-,-,-,-,-,-,Clear
ZABOL,07/11/2016,15Z,19.3,20%,1019.0 Hpa,270º (W ),7.2,2/8,-,-,CI,-,27.5,-,Few clouds
ZABOL,07/11/2016,12Z,26.9,13%,1017.4 Hpa,040º (NE),7.2,3/8,-,-,CI,-,-,-,Scattered clouds
ZABOL,07/11/2016,09Z,25.8,15%,1019.5 Hpa,010º (N),14.4,1/8,-,-,CI,-,-,-,Few clouds
ZABOL,07/11/2016,06Z,20.8,22%,1022.5 Hpa,350º (N ),21.6,0/8,-,-,-,-,-,-,Clear
ZABOL,07/11/2016,03Z,13.0,32%,1021.4 Hpa,360º (N ),21.6,1/8,-,-,CI,-,-,10.5,Few clouds
ZABOL,07/11/2016,00Z,12.9,21%,1018.5 Hpa,340º (N ),14.4,0/8,-,-,-,-,-,-,Clear
ZAHEDAN,07/11/2016,21Z,12.6,24%,1015.4 Hpa,250º (W ),7.2,0/8,-,-,-,-,-,-,Clear
ZAHEDAN,07/11/2016,18Z,12.9,21%,1017.6 Hpa,230º (SW),7.2,0/8,-,-,-,-,-,-,Clear
ZAHEDAN,07/11/2016,15Z,19.1,18%,1019.5 Hpa,140º (SE),14.4,0/8,-,-,-,-,25.0,-,Clear
ZAHEDAN,07/11/2016,12Z,23.9,14%,1016.7 Hpa,100º (E ),18.0,1/8,-,-,CI,-,-,-,Few clouds
ZAHEDAN,07/11/2016,09Z,24.7,15%,1016.9 Hpa,100º (E ),21.6,1/8,-,-,CI,-,-,-,Few clouds
ZAHEDAN,07/11/2016,06Z,20.8,17%,1019.3 Hpa,calm.,,0/8,-,-,-,-,-,-,Clear
ZAHEDAN,07/11/2016,03Z,7.0,32%,1021.9 Hpa,160º (S ),7.2,0/8,-,-,-,-,-,5.2,Clear
ZAHEDAN,07/11/2016,00Z,6.5,34%,1018.9 Hpa,180º (S ),7.2,0/8,-,-,-,-,-,-,Clear
ZANJAN,07/11/2016,21Z,3.1,82%,1022.7 Hpa,100º (E ),3.6,0/8,-,-,-,-,-,-,Clear
ZANJAN,07/11/2016,18Z,4.6,78%,1023.7 Hpa,100º (E ),3.6,4/8,-,4/8 AC,-,-,-,-,Scattered clouds
ZANJAN,07/11/2016,15Z,7.1,69%,1023.3 Hpa,240º (SW),3.6,1/8,1/8 SC,AC,-,-,13.7,-,Few clouds
ZANJAN,07/11/2016,12Z,13.1,50%,1020.0 Hpa,250º (W ),7.2,3/8,3/8 CU,-,-,-,-,-,Scattered clouds
ZANJAN,07/11/2016,09Z,9.7,63%,1022.1 Hpa,280º (W ),7.2,7/8,6/8 ST,AC,-,-,-,-,Cloudy
ZANJAN,07/11/2016,06Z,7.8,70%,1023.9 Hpa,260º (W ),7.2,7/8,5/8 CB,AC,-,0.1(6h),-,-,Cloudy
ZANJAN,07/11/2016,03Z,5.9,79%,1022.5 Hpa,260º (W ),3.6,7/8,5/8 CB,AC,-,-,-,5.8,Cloudy
