Station ∆,Date,UTC time,Temp. (ºC),Rel. Hum. (%),Pressure/ Geopot.,Wind dir,Wins speed (Km/h),Clouds,Low clouds,Medium clouds,High clouds,Prec. (mm),Max temp. (ºC),Min temp. (ºC),Conditions
ABADAN,03/11/2020,21Z,19.4,79%,1016.3 Hpa,190º (S ),3.6,0/8,-,-,-,-,-,-,Clear
ABADAN,03/11/2020,18Z,23.0,56%,1016.7 Hpa,160º (S ),7.2,0/8,-,-,-,-,-,-,Clear
ABADAN,03/11/2020,15Z,26.8,34%,1016.7 Hpa,040º (NE),7.2,0/8,-,-,-,-,34.7,-,Clear
ABADAN,03/11/2020,12Z,33.8,19%,1016.8 Hpa,070º (E ),3.6,3/8,-,-,CI,-,-,-,Scattered clouds
ABADAN,03/11/2020,09Z,32.2,27%,1018.3 Hpa,250º (W ),7.2,1/8,-,-,CI,-,-,-,"Few clouds, haze"
ABADAN,03/11/2020,06Z,25.6,60%,1019.2 Hpa,050º (NE),3.6,0/8,-,-,-,-,-,-,"Clear, haze"
ABADAN,03/11/2020,03Z,17.4,88%,1018.0 Hpa,260º (W ),3.6,0/8,-,-,-,-,-,16.6,"Clear, mist"
ABADAN,03/11/2020,00Z,17.9,81%,1018.0 Hpa,calm.,,0/8,-,-,-,-,-,-,Clear
ABADEH,03/11/2020,21Z,8.1,16%,1017.6 Hpa,330º (NW),10.8,0/8,-,-,-,-,-,-,Clear
ABADEH,03/11/2020,18Z,8.3,15%,1021.1 Hpa,310º (NW),7.2,0/8,-,-,-,-,-,-,Clear
ABADEH,03/11/2020,15Z,16.4,11%,1021.7 Hpa,170º (S ),3.6,0/8,-,-,-,-,24.8,-,Clear
ABADEH,03/11/2020,12Z,23.3,7%,1016.4 Hpa,020º (N),10.8,0/8,-,-,-,-,-,-,Clear
ABADEH,03/11/2020,09Z,23.6,5%,1016.1 Hpa,120º (SE),3.6,0/8,-,-,-,-,-,-,Clear
ABADEH,03/11/2020,06Z,15.3,12%,1022.3 Hpa,330º (NW),3.6,1/8,-,-,CI,-,-,-,Few clouds
ABADEH,03/11/2020,03Z,2.6,24%,1024.3 Hpa,320º (NW),10.8,0/8,-,-,-,-,-,1.4,Clear
ABADEH,03/11/2020,00Z,4.2,21%,1021.2 Hpa,330º (NW),10.8,0/8,-,-,-,-,-,-,Clear
ABU MUSA,03/11/2020,15Z,28.6,51%,1014.9 Hpa,310º (NW),7.2,0/8,-,-,-,-,33.8,-,"Clear, haze"
ABU MUSA,03/11/2020,12Z,31.2,93%,1014.5 Hpa,310º (NW),10.8,0/8,-,-,-,-,-,-,"Clear, haze"
ABU MUSA,03/11/2020,09Z,31.6,52%,1015.9 Hpa,330º (NW),10.8,0/8,-,-,-,-,-,-,"Clear, haze"
ABU MUSA,03/11/2020,06Z,32.6,47%,1017.1 Hpa,calm.,,0/8,-,-,-,-,-,-,"Clear, haze"
ABU MUSA,03/11/2020,03Z,27.0,62%,1015.9 Hpa,300º (NW),7.2,0/8,-,-,-,-,-,26.8,"Clear, haze"
AHAR,03/11/2020,21Z,12.4,66%,1021.0 Hpa,240º (SW),10.8,8/8,7/8 CB,AC,,-,-,-,"Overcast, rain showers"
AHAR,03/11/2020,18Z,12.2,70%,1022.9 Hpa,260º (W ),21.6,8/8,3/8 CB,AC,,0.2(6h),-,-,"Overcast, rain showers"
AHAR,03/11/2020,15Z,16.7,41%,1019.6 Hpa,230º (SW),10.8,7/8,3/8 CB,AC,-,-,19.4,-,Cloudy
AHAR,03/11/2020,12Z,18.6,39%,1018.8 Hpa,220º (SW),10.8,8/8,2/8 SC,AC,,-,-,-,Overcast
AHAR,03/11/2020,09Z,16.9,48%,1020.7 Hpa,270º (W ),10.8,7/8,2/8 SC,AC,CI,-,-,-,Cloudy
AHAR,03/11/2020,06Z,12.1,77%,1023.0 Hpa,290º (W ),10.8,8/8,3/8 CB,AC,,0.2(6h),-,-,"Overcast, rain showers"
AHAR,03/11/2020,03Z,12.5,36%,1019.9 Hpa,320º (NW),7.2,7/8,-,4/8 AC,CI,-,-,10.5,Cloudy
AHAR,03/11/2020,00Z,11.8,34%,1018.6 Hpa,310º (NW),10.8,6/8,-,1/8 AC,CI,-,-,-,Cloudy
AHWAZ,03/11/2020,21Z,18.6,49%,1015.9 Hpa,080º (E ),3.6,0/8,-,-,-,-,-,-,"Clear, haze"
AHWAZ,03/11/2020,18Z,19.3,53%,1016.3 Hpa,250º (W ),3.6,0/8,-,-,-,-,-,-,"Clear, haze"
AHWAZ,03/11/2020,15Z,22.9,41%,1016.0 Hpa,020º (N),3.6,0/8,-,-,-,-,32.6,-,"Clear, haze"
AHWAZ,03/11/2020,12Z,32.3,19%,1015.8 Hpa,140º (SE),7.2,2/8,-,-,CI,-,-,-,"Few clouds, haze"
AHWAZ,03/11/2020,09Z,31.8,22%,1017.6 Hpa,150º (SE),7.2,2/8,-,-,CI,-,-,-,"Few clouds, haze"
AHWAZ,03/11/2020,06Z,24.2,37%,1018.5 Hpa,270º (W ),3.6,2/8,-,-,CI,-,-,-,"Few clouds, haze"
AHWAZ,03/11/2020,03Z,14.5,65%,1018.0 Hpa,080º (E ),3.6,0/8,-,-,-,-,-,14.1,"Clear, haze"
AHWAZ,03/11/2020,00Z,14.8,59%,1017.4 Hpa,Vble.,,0/8,-,-,-,-,-,-,"Clear, haze"
ALI-GOODARZ,03/11/2020,21Z,8.6,15%,1018.6 Hpa,140º (SE),18.0,3/8,-,-,CI,-,-,-,Scattered clouds
ALI-GOODARZ,03/11/2020,18Z,10.3,15%,1021.1 Hpa,140º (SE),14.4,6/8,-,-,CC,-,-,-,Cloudy
ALI-GOODARZ,03/11/2020,15Z,15.0,14%,1021.6 Hpa,010º (N),7.2,6/8,-,-,CC,-,21.5,-,Cloudy
ALI-GOODARZ,03/11/2020,12Z,20.2,8%,1018.2 Hpa,300º (NW),10.8,6/8,1/8 SC,-,CC,-,-,-,Cloudy
ALI-GOODARZ,03/11/2020,09Z,18.9,10%,1019.5 Hpa,320º (NW),10.8,3/8,1/8 CU,-,CI,-,-,-,Scattered clouds
ALI-GOODARZ,03/11/2020,06Z,11.7,14%,1023.6 Hpa,160º (S ),21.6,4/8,-,-,CI,-,-,-,Scattered clouds
ALI-GOODARZ,03/11/2020,03Z,4.8,20%,1023.2 Hpa,140º (SE),25.2,0/8,-,-,-,-,-,4.0,Clear
ALI-GOODARZ,03/11/2020,00Z,5.6,19%,1020.0 Hpa,130º (SE),28.8,0/8,-,-,-,-,-,-,Clear
ANZALI,03/11/2020,21Z,18.4,91%,1020.7 Hpa,250º (W ),3.6,7/8,-,7/8 AC,-,-,-,-,Cloudy
ANZALI,03/11/2020,18Z,18.1,95%,1020.9 Hpa,calm.,,7/8,2/8 SC,AC,-,-,-,-,Cloudy
ANZALI,03/11/2020,15Z,18.8,91%,1021.1 Hpa,calm.,,6/8,2/8 SC,AC,-,-,22.2,-,Cloudy
ANZALI,03/11/2020,12Z,21.2,169%,1021.3 Hpa,020º (N),7.2,7/8,4/8 SC,AC,-,-,-,-,Cloudy
ANZALI,03/11/2020,09Z,21.4,81%,1021.3 Hpa,290º (W ),7.2,8/8,4/8 SC,AC,,-,-,-,Overcast
ANZALI,03/11/2020,06Z,19.6,186%,1022.0 Hpa,220º (SW),7.2,8/8,3/8 SC,AC,,-,-,-,"Overcast, mist"
ANZALI,03/11/2020,03Z,18.0,90%,1020.8 Hpa,210º (SW),3.6,8/8,8/8 ST,,,-,-,18.0,"Overcast, mist"
ANZALI,03/11/2020,00Z,18.4,92%,1020.1 Hpa,220º (SW),3.6,8/8,8/8 ST,,,-,-,-,Overcast
ARAK,03/11/2020,21Z,8.8,39%,1019.3 Hpa,170º (S ),3.6,1/8,-,1/8 AC,-,-,-,-,Few clouds
ARAK,03/11/2020,18Z,13.6,29%,1019.9 Hpa,320º (NW),10.8,0/8,-,-,-,-,-,-,Clear
ARAK,03/11/2020,15Z,15.6,21%,1021.1 Hpa,calm.,,2/8,-,-,CI,-,22.6,-,"Few clouds, haze"
ARAK,03/11/2020,12Z,22.4,11%,1017.1 Hpa,calm.,,3/8,-,-,CI,-,-,-,"Scattered clouds, haze"
ARAK,03/11/2020,09Z,18.8,14%,1019.3 Hpa,060º (NE),7.2,6/8,-,-,CC,-,-,-,"Cloudy, haze"
ARAK,03/11/2020,06Z,11.4,23%,1022.3 Hpa,calm.,,3/8,-,-,CI,-,-,-,"Scattered clouds, haze"
ARAK,03/11/2020,03Z,3.0,42%,1023.3 Hpa,calm.,,0/8,-,-,-,-,-,3.0,Clear
ARAK,03/11/2020,00Z,6.8,30%,1019.0 Hpa,calm.,,0/8,-,-,-,-,-,-,Clear
ARDEBIL,03/11/2020,21Z,13.4,57%,1018.3 Hpa,030º (NE),10.8,8/8,2/8 CB,AC,CS,-,-,-,Overcast
ARDEBIL,03/11/2020,18Z,14.2,49%,1016.7 Hpa,calm.,,8/8,2/8 CB,AC,CS,-,-,-,Overcast
ARDEBIL,03/11/2020,15Z,16.6,49%,1017.6 Hpa,210º (SW),14.4,7/8,2/8 CB,AC,CI,-,20.6,-,Cloudy
ARDEBIL,03/11/2020,12Z,20.4,39%,1017.3 Hpa,180º (S ),21.6,7/8,2/8 CB,AC,CI,-,-,-,Cloudy
ARDEBIL,03/11/2020,09Z,18.0,45%,1018.4 Hpa,240º (SW),10.8,8/8,2/8 CB,AC,CS,-,-,-,Overcast
ARDEBIL,03/11/2020,06Z,18.2,38%,1018.2 Hpa,180º (S ),18.0,8/8,2/8 CB,AC,CS,-,-,-,Overcast
ARDEBIL,03/11/2020,03Z,13.0,44%,1017.4 Hpa,calm.,,8/8,2/8 CB,AC,CS,-,-,12.0,Overcast
ARDEBIL,03/11/2020,00Z,12.4,43%,1016.0 Hpa,180º (S ),18.0,8/8,1/8 CB,AC,CS,-,-,-,Overcast
BABULSAR,03/11/2020,21Z,18.6,88%,1019.7 Hpa,030º (NE),10.8,0/8,-,-,-,-,-,-,"Clear, mist"
BABULSAR,03/11/2020,18Z,20.0,81%,1021.1 Hpa,090º (E ),7.2,8/8,8/8 ST,,,-,-,-,"Overcast, mist"
BABULSAR,03/11/2020,15Z,21.0,78%,1021.6 Hpa,030º (NE),3.6,8/8,8/8 ST,,,-,22.6,-,"Overcast, haze"
BABULSAR,03/11/2020,12Z,22.0,70%,1020.9 Hpa,360º (N ),3.6,8/8,8/8 ST,,,-,-,-,"Overcast, haze"
BABULSAR,03/11/2020,09Z,22.0,68%,1020.9 Hpa,300º (NW),3.6,8/8,8/8 ST,,,-,-,-,"Overcast, haze"
BABULSAR,03/11/2020,06Z,20.0,82%,1021.4 Hpa,120º (SE),3.6,8/8,8/8 ST,,,-,-,-,"Overcast, mist"
BABULSAR,03/11/2020,03Z,18.6,89%,1020.2 Hpa,calm.,,7/8,7/8 ST,-,-,-,-,18.6,"Cloudy, mist"
BABULSAR,03/11/2020,00Z,19.6,93%,1020.0 Hpa,calm.,,7/8,7/8 ST,-,-,-,-,-,Cloudy
BAFT,03/11/2020,21Z,9.0,21%,1015.7 Hpa,calm.,,0/8,-,-,-,-,-,-,Clear
BAFT,03/11/2020,18Z,11.4,20%,1017.7 Hpa,calm.,,0/8,-,-,-,-,-,-,Clear
BAFT,03/11/2020,15Z,16.6,7%,1017.9 Hpa,360º (N ),14.4,0/8,-,-,-,-,23.6,-,Clear
BAFT,03/11/2020,12Z,22.4,5%,1014.3 Hpa,270º (W ),18.0,0/8,-,-,-,-,-,-,Clear
BAFT,03/11/2020,09Z,21.6,7%,1013.9 Hpa,calm.,,0/8,-,-,-,-,-,-,Clear
BAFT,03/11/2020,06Z,16.6,13%,1016.9 Hpa,calm.,,0/8,-,-,-,-,-,-,Clear
BAFT,03/11/2020,03Z,8.0,20%,1020.3 Hpa,calm.,,0/8,-,-,-,-,-,7.0,Clear
BAFT,03/11/2020,00Z,9.0,17%,1017.1 Hpa,calm.,,0/8,-,-,-,-,-,-,Clear
BAM,03/11/2020,21Z,17.4,16%,1016.3 Hpa,280º (W ),14.4,0/8,-,-,-,-,-,-,Clear
BAM,03/11/2020,18Z,18.3,16%,1017.3 Hpa,290º (W ),7.2,0/8,-,-,-,-,-,-,Clear
BAM,03/11/2020,15Z,22.3,12%,1017.6 Hpa,calm.,,0/8,-,-,-,-,28.4,-,Clear
BAM,03/11/2020,12Z,26.9,9%,1015.9 Hpa,020º (N),10.8,0/8,-,-,-,-,-,-,Clear
BAM,03/11/2020,09Z,27.7,9%,1016.6 Hpa,030º (NE),10.8,0/8,-,-,-,-,-,-,Clear
BAM,03/11/2020,06Z,25.1,12%,1018.9 Hpa,310º (NW),7.2,0/8,-,-,-,-,-,-,Clear
BAM,03/11/2020,03Z,16.7,15%,1019.4 Hpa,280º (W ),14.4,0/8,-,-,-,-,-,16.1,Clear
BAM,03/11/2020,00Z,17.0,15%,1017.1 Hpa,270º (W ),14.4,0/8,-,-,-,-,-,-,Clear
BANDAR LENGEH,03/11/2020,21Z,23.7,53%,1014.4 Hpa,320º (NW),7.2,0/8,-,-,-,-,-,-,"Clear, haze"
BANDAR LENGEH,03/11/2020,18Z,23.3,77%,1015.1 Hpa,calm.,,0/8,-,-,-,-,-,-,"Clear, haze"
BANDAR LENGEH,03/11/2020,15Z,26.2,72%,1015.6 Hpa,300º (NW),7.2,0/8,-,-,-,-,29.9,-,"Clear, haze"
BANDAR LENGEH,03/11/2020,12Z,29.5,62%,1014.8 Hpa,190º (S ),10.8,0/8,-,-,-,-,-,-,"Clear, haze"
BANDAR LENGEH,03/11/2020,09Z,29.2,67%,1016.6 Hpa,130º (SE),7.2,0/8,-,-,-,-,-,-,"Clear, haze"
BANDAR LENGEH,03/11/2020,06Z,27.5,75%,1018.1 Hpa,100º (E ),14.4,0/8,-,-,-,-,-,-,"Clear, haze"
BANDAR LENGEH,03/11/2020,03Z,21.9,98%,1016.6 Hpa,080º (E ),10.8,0/8,-,-,-,-,-,20.2,"Clear, mist"
BANDAR LENGEH,03/11/2020,00Z,21.4,82%,1015.6 Hpa,300º (NW),7.2,0/8,-,-,-,-,-,-,"Clear, mist"
BANDAR-E-DAYYER,03/11/2020,21Z,25.0,51%,1015.8 Hpa,330º (NW),10.8,0/8,-,-,-,-,-,-,Clear
BANDAR-E-DAYYER,03/11/2020,18Z,25.3,52%,1016.6 Hpa,340º (N ),7.2,0/8,-,-,-,-,-,-,Clear
BANDAR-E-DAYYER,03/11/2020,15Z,28.5,57%,1016.1 Hpa,calm.,,0/8,-,-,-,-,32.7,-,Clear
BANDAR-E-DAYYER,03/11/2020,12Z,32.1,154%,1015.8 Hpa,250º (W ),10.8,0/8,-,-,-,-,-,-,Clear
BANDAR-E-DAYYER,03/11/2020,09Z,31.4,35%,1017.4 Hpa,190º (S ),7.2,0/8,-,-,-,-,-,-,Clear
BANDAR-E-DAYYER,03/11/2020,06Z,29.6,14%,1018.7 Hpa,calm.,,0/8,-,-,-,-,-,-,Clear
BANDAR-E-DAYYER,03/11/2020,03Z,20.4,63%,1017.3 Hpa,350º (N ),7.2,0/8,-,-,-,-,-,20.4,Clear
BANDAR-E-DAYYER,03/11/2020,00Z,22.2,65%,1017.1 Hpa,330º (NW),7.2,0/8,-,-,-,-,-,-,Clear
BANDARABBASS,03/11/2020,21Z,20.8,82%,1014.9 Hpa,350º (N ),10.8,0/8,-,-,-,-,-,-,"Clear, mist"
BANDARABBASS,03/11/2020,18Z,26.5,68%,1015.0 Hpa,250º (W ),7.2,0/8,-,-,-,-,-,-,"Clear, haze"
BANDARABBASS,03/11/2020,15Z,27.2,55%,1014.3 Hpa,Vble.,,0/8,-,-,-,-,31.9,-,"Clear, haze"
BANDARABBASS,03/11/2020,12Z,30.9,45%,1013.9 Hpa,230º (SW),10.8,0/8,-,-,-,-,-,-,"Clear, haze"
BANDARABBASS,03/11/2020,09Z,30.9,47%,1015.6 Hpa,210º (SW),18.0,0/8,-,-,-,-,-,-,"Clear, haze"
BANDARABBASS,03/11/2020,06Z,28.7,62%,1017.8 Hpa,080º (E ),7.2,0/8,-,-,-,-,-,-,"Clear, haze"
BANDARABBASS,03/11/2020,03Z,22.3,94%,1017.2 Hpa,350º (N ),10.8,0/8,-,-,-,-,-,18.3,"Clear, fog"
BANDARABBASS,03/11/2020,00Z,21.9,90%,1016.2 Hpa,010º (N),10.8,1/8,-,-,CI,-,-,-,"Few clouds, mist"
BIRJAND,03/11/2020,21Z,8.1,98%,1018.2 Hpa,130º (SE),14.4,0/8,-,-,-,-,-,-,Clear
BIRJAND,03/11/2020,18Z,10.0,22%,1020.0 Hpa,calm.,,0/8,-,-,-,-,-,-,Clear
BIRJAND,03/11/2020,15Z,16.5,15%,1022.6 Hpa,050º (NE),10.8,2/8,-,-,CI,-,25.9,-,Few clouds
BIRJAND,03/11/2020,12Z,25.0,6%,1018.7 Hpa,calm.,,3/8,-,-,CI,-,-,-,Scattered clouds
BIRJAND,03/11/2020,09Z,23.5,7%,1019.9 Hpa,100º (E ),7.2,0/8,-,-,-,-,-,-,Clear
BIRJAND,03/11/2020,06Z,20.0,11%,1022.1 Hpa,calm.,,0/8,-,-,-,-,-,-,Clear
BIRJAND,03/11/2020,03Z,3.6,20%,1024.5 Hpa,120º (SE),10.8,0/8,-,-,-,-,-,2.6,Clear
BIRJAND,03/11/2020,00Z,3.4,20%,1021.1 Hpa,110º (E ),14.4,0/8,-,-,-,-,-,-,Clear
BOJNOURD,03/11/2020,21Z,6.4,39%,1022.9 Hpa,Vble.,,0/8,-,-,-,-,-,-,Clear
BOJNOURD,03/11/2020,18Z,10.8,30%,1023.7 Hpa,calm.,,0/8,-,-,-,-,-,-,Clear
BOJNOURD,03/11/2020,15Z,15.5,19%,1024.6 Hpa,calm.,,3/8,-,-,CI,-,24.8,-,Scattered clouds
BOJNOURD,03/11/2020,12Z,23.2,11%,1021.4 Hpa,090º (E ),7.2,5/8,-,-,CI,-,-,-,Cloudy
BOJNOURD,03/11/2020,09Z,22.8,12%,1022.3 Hpa,calm.,,4/8,-,-,CI,-,-,-,Scattered clouds
BOJNOURD,03/11/2020,06Z,14.3,23%,1024.9 Hpa,calm.,,5/8,1/8 CU,-,CI,-,-,-,Cloudy
BOJNOURD,03/11/2020,03Z,3.0,50%,1025.8 Hpa,Vble.,,4/8,-,1/8 AC,CI,-,-,3.0,Scattered clouds
BOJNOURD,03/11/2020,00Z,6.2,42%,1022.3 Hpa,calm.,,1/8,-,-,CI,-,-,-,Few clouds
BUSHEHR (AIRPORT),03/11/2020,21Z,22.6,57%,1015.8 Hpa,050º (NE),7.2,0/8,-,-,-,-,-,-,Clear
BUSHEHR (AIRPORT),03/11/2020,18Z,25.0,58%,1016.4 Hpa,070º (E ),7.2,0/8,-,-,-,-,-,-,Clear
BUSHEHR (AIRPORT),03/11/2020,15Z,28.0,38%,1015.9 Hpa,300º (NW),18.0,0/8,-,-,-,-,30.0,-,Clear
BUSHEHR (AIRPORT),03/11/2020,12Z,29.1,52%,1015.9 Hpa,300º (NW),14.4,0/8,-,-,-,-,-,-,Clear
BUSHEHR (AIRPORT),03/11/2020,09Z,28.0,42%,1017.1 Hpa,310º (NW),10.8,0/8,-,-,-,-,-,-,"Clear, haze"
BUSHEHR (AIRPORT),03/11/2020,06Z,26.1,38%,1018.2 Hpa,calm.,,0/8,-,-,-,-,-,-,"Clear, haze"
BUSHEHR (AIRPORT),03/11/2020,03Z,17.0,79%,1017.3 Hpa,calm.,,0/8,-,-,-,-,-,17.0,"Clear, mist"
BUSHEHR (AIRPORT),03/11/2020,00Z,18.7,77%,1017.0 Hpa,calm.,,0/8,-,-,-,-,-,-,"Clear, haze"
CHAHBAHAR,03/11/2020,21Z,23.4,85%,1014.5 Hpa,280º (W ),7.2,0/8,-,-,-,-,-,-,Clear
CHAHBAHAR,03/11/2020,18Z,24.9,80%,1015.5 Hpa,290º (W ),10.8,0/8,-,-,-,-,-,-,Clear
CHAHBAHAR,03/11/2020,15Z,60.1,,1015.1 Hpa,260º (W ),10.8,0/8,-,-,-,-,28.8,-,Clear
CHAHBAHAR,03/11/2020,12Z,90.1,,1014.4 Hpa,220º (SW),14.4,0/8,-,-,-,-,-,-,Clear
CHAHBAHAR,03/11/2020,09Z,-20.1,,1015.7 Hpa,230º (SW),10.8,0/8,-,-,-,-,-,-,Clear
CHAHBAHAR,03/11/2020,06Z,27.7,45%,1017.8 Hpa,280º (W ),7.2,0/8,-,-,-,-,-,-,Clear
CHAHBAHAR,03/11/2020,03Z,-20.1,,1016.9 Hpa,010º (N),7.2,0/8,-,-,-,-,-,19.3,Clear
CHAHBAHAR,03/11/2020,00Z,20.3,77%,1015.9 Hpa,340º (N ),7.2,0/8,-,-,-,-,-,-,Clear
ESFAHAN,03/11/2020,21Z,7.6,28%,1019.0 Hpa,290º (W ),3.6,0/8,-,-,-,-,-,-,Clear
ESFAHAN,03/11/2020,18Z,10.1,29%,1019.4 Hpa,calm.,,0/8,-,-,-,-,-,-,Clear
ESFAHAN,03/11/2020,15Z,15.3,18%,1021.5 Hpa,calm.,,2/8,-,-,CI,-,24.8,-,"Few clouds, haze"
ESFAHAN,03/11/2020,12Z,23.8,12%,1017.8 Hpa,110º (E ),7.2,2/8,-,-,CI,-,-,-,"Few clouds, haze"
ESFAHAN,03/11/2020,09Z,23.6,12%,1019.4 Hpa,100º (E ),7.2,2/8,-,-,CI,-,-,-,"Few clouds, haze"
ESFAHAN,03/11/2020,06Z,20.0,15%,1022.1 Hpa,calm.,,2/8,-,-,CI,-,-,-,"Few clouds, haze"
ESFAHAN,03/11/2020,03Z,5.8,48%,1024.2 Hpa,calm.,,0/8,-,-,-,-,-,4.6,Clear
ESFAHAN,03/11/2020,00Z,6.8,31%,1020.6 Hpa,calm.,,0/8,-,-,-,-,-,-,Clear
FASA,03/11/2020,21Z,10.2,28%,1014.2 Hpa,360º (N ),7.2,0/8,-,-,-,-,-,-,Clear
FASA,03/11/2020,18Z,12.8,29%,1016.1 Hpa,calm.,,0/8,-,-,-,-,-,-,Clear
FASA,03/11/2020,15Z,18.8,20%,1016.7 Hpa,calm.,,0/8,-,-,-,-,28.8,-,Clear
FASA,03/11/2020,12Z,28.0,7%,1013.8 Hpa,140º (SE),10.8,0/8,-,-,-,-,-,-,Clear
FASA,03/11/2020,09Z,27.6,11%,1015.2 Hpa,calm.,,0/8,-,-,-,-,-,-,Clear
FASA,03/11/2020,06Z,19.4,19%,1018.3 Hpa,calm.,,0/8,-,-,-,-,-,-,Clear
FASA,03/11/2020,03Z,7.8,28%,1018.7 Hpa,350º (N ),7.2,0/8,-,-,-,-,-,7.0,Clear
FASA,03/11/2020,00Z,7.4,31%,1016.3 Hpa,360º (N ),7.2,0/8,-,-,-,-,-,-,Clear
FERDOUS,03/11/2020,21Z,13.3,27%,1018.0 Hpa,calm.,,0/8,-,-,-,-,-,-,Clear
FERDOUS,03/11/2020,18Z,13.2,28%,1019.4 Hpa,calm.,,0/8,-,-,-,-,-,-,Clear
FERDOUS,03/11/2020,15Z,17.0,17%,1021.7 Hpa,320º (NW),7.2,1/8,-,-,CI,-,26.1,-,Few clouds
FERDOUS,03/11/2020,12Z,23.8,12%,1018.4 Hpa,290º (W ),14.4,2/8,-,-,CI,-,-,-,Few clouds
FERDOUS,03/11/2020,09Z,24.8,12%,1018.6 Hpa,330º (NW),7.2,2/8,-,-,CI,-,-,-,Few clouds
FERDOUS,03/11/2020,06Z,21.4,12%,1020.9 Hpa,calm.,,0/8,-,-,-,-,-,-,Clear
FERDOUS,03/11/2020,03Z,7.8,28%,1022.8 Hpa,060º (NE),10.8,0/8,-,-,-,-,-,6.6,Clear
FERDOUS,03/11/2020,00Z,9.7,22%,1019.9 Hpa,070º (E ),7.2,0/8,-,-,-,-,-,-,Clear
GACH SARAN DU GUNBADAN,03/11/2020,21Z,13.9,36%,1017.4 Hpa,calm.,,0/8,-,-,-,-,-,-,Clear
GACH SARAN DU GUNBADAN,03/11/2020,18Z,17.6,28%,1019.1 Hpa,calm.,,0/8,-,-,-,-,-,-,Clear
GACH SARAN DU GUNBADAN,03/11/2020,15Z,23.9,17%,1017.6 Hpa,calm.,,0/8,-,-,-,-,31.6,-,Clear
GACH SARAN DU GUNBADAN,03/11/2020,12Z,30.4,11%,1015.9 Hpa,calm.,,3/8,-,-,CI,-,-,-,Scattered clouds
GACH SARAN DU GUNBADAN,03/11/2020,09Z,29.0,11%,1017.5 Hpa,calm.,,3/8,-,-,CI,-,-,-,Scattered clouds
GACH SARAN DU GUNBADAN,03/11/2020,06Z,23.0,26%,1019.8 Hpa,calm.,,0/8,-,-,-,-,-,-,Clear
GACH SARAN DU GUNBADAN,03/11/2020,03Z,10.5,38%,1021.9 Hpa,calm.,,0/8,-,-,-,-,-,10.3,Clear
GACH SARAN DU GUNBADAN,03/11/2020,00Z,12.2,31%,1021.4 Hpa,calm.,,0/8,-,-,-,-,-,-,Clear
GHARAKHIL,03/11/2020,21Z,16.0,87%,1021.1 Hpa,calm.,,5/8,1/8 SC,AC,-,-,-,-,Cloudy
GHARAKHIL,03/11/2020,18Z,19.6,88%,1021.0 Hpa,calm.,,8/8,3/8 SC,AC,,-,-,-,Overcast
GHARAKHIL,03/11/2020,15Z,20.4,88%,1022.0 Hpa,calm.,,8/8,4/8 SC,AC,,-,23.2,-,Overcast
GHARAKHIL,03/11/2020,12Z,22.0,82%,1020.7 Hpa,calm.,,8/8,3/8 SC,AC,,-,-,-,Overcast
GHARAKHIL,03/11/2020,09Z,22.6,81%,1021.1 Hpa,calm.,,8/8,3/8 SC,AC,,-,-,-,Overcast
GHARAKHIL,03/11/2020,06Z,19.0,75%,1020.9 Hpa,calm.,,7/8,3/8 SC,AC,-,-,-,-,Cloudy
GHARAKHIL,03/11/2020,03Z,16.2,79%,1021.0 Hpa,calm.,,7/8,3/8 SC,AC,-,-,-,16.2,Cloudy
GHARAKHIL,03/11/2020,00Z,17.6,92%,1020.6 Hpa,calm.,,8/8,-,8/8 AC,,-,-,-,Overcast
GHAZVIN,03/11/2020,21Z,13.9,30%,1017.9 Hpa,040º (NE),10.8,1/8,-,-,CI,-,-,-,Few clouds
GHAZVIN,03/11/2020,18Z,15.0,30%,1018.2 Hpa,040º (NE),7.2,0/8,-,-,-,-,-,-,"Clear, haze"
GHAZVIN,03/11/2020,15Z,17.4,27%,1019.5 Hpa,030º (NE),7.2,7/8,-,7/8 AC,-,-,24.1,-,"Cloudy, haze"
GHAZVIN,03/11/2020,12Z,23.9,15%,1017.4 Hpa,150º (SE),7.2,7/8,-,7/8 AC,-,-,-,-,"Cloudy, haze"
GHAZVIN,03/11/2020,09Z,21.5,22%,1019.0 Hpa,140º (SE),10.8,5/8,-,-,CI,-,-,-,"Cloudy, haze"
GHAZVIN,03/11/2020,06Z,18.7,24%,1020.8 Hpa,120º (SE),7.2,5/8,-,-,CI,-,-,-,"Cloudy, haze"
GHAZVIN,03/11/2020,03Z,9.6,41%,1021.1 Hpa,calm.,,5/8,-,-,CI,-,-,9.4,Cloudy
GHAZVIN,03/11/2020,00Z,11.0,39%,1018.4 Hpa,030º (NE),3.6,6/8,-,-,CI,-,-,-,Cloudy
GHUCHAN,03/11/2020,21Z,8.8,43%,1020.3 Hpa,070º (E ),10.8,0/8,-,-,-,-,-,-,Clear
GHUCHAN,03/11/2020,18Z,11.1,35%,1021.6 Hpa,110º (E ),10.8,0/8,-,-,-,-,-,-,Clear
GHUCHAN,03/11/2020,15Z,16.5,28%,1023.1 Hpa,070º (E ),14.4,2/8,-,-,CI,-,24.8,-,Few clouds
GHUCHAN,03/11/2020,12Z,23.8,20%,1020.3 Hpa,100º (E ),10.8,3/8,-,-,CI,-,-,-,Scattered clouds
GHUCHAN,03/11/2020,09Z,24.4,20%,1021.3 Hpa,110º (E ),10.8,3/8,-,-,CI,-,-,-,Scattered clouds
GHUCHAN,03/11/2020,06Z,19.2,28%,1022.9 Hpa,calm.,,0/8,-,-,-,-,-,-,Clear
GHUCHAN,03/11/2020,03Z,6.8,46%,1024.4 Hpa,120º (SE),14.4,0/8,-,-,-,-,-,4.4,Clear
GHUCHAN,03/11/2020,00Z,6.2,44%,1021.5 Hpa,090º (E ),7.2,0/8,-,-,-,-,-,-,Clear
GORGAN,03/11/2020,21Z,18.1,81%,1022.0 Hpa,calm.,,7/8,3/8 SC,AC,-,-,-,-,"Cloudy, mist"
GORGAN,03/11/2020,18Z,18.8,79%,1023.7 Hpa,calm.,,6/8,3/8 SC,AC,-,-,-,-,"Cloudy, haze"
GORGAN,03/11/2020,15Z,19.6,76%,1023.9 Hpa,320º (NW),10.8,6/8,3/8 SC,AC,-,-,25.4,-,"Cloudy, haze"
GORGAN,03/11/2020,12Z,23.0,63%,1022.3 Hpa,310º (NW),18.0,5/8,2/8 SC,AC,-,-,-,-,"Cloudy, haze"
GORGAN,03/11/2020,09Z,23.0,62%,1022.2 Hpa,calm.,,4/8,2/8 SC,-,CI,-,-,-,"Scattered clouds, haze"
GORGAN,03/11/2020,06Z,18.0,83%,1023.5 Hpa,calm.,,7/8,4/8 ST,AC,-,-,-,-,"Cloudy, mist"
GORGAN,03/11/2020,03Z,16.2,87%,1023.0 Hpa,calm.,,8/8,3/8 SC,AC,,-,-,15.5,"Overcast, mist"
GORGAN,03/11/2020,00Z,16.8,88%,1022.3 Hpa,calm.,,4/8,4/8 SC,-,-,-,-,-,Scattered clouds
HAMEDAN,03/11/2020,21Z,11.6,49%,1016.9 Hpa,310º (NW),7.2,5/8,2/8 SC,AC,-,-,-,-,Cloudy
HAMEDAN,03/11/2020,18Z,11.7,20%,1019.6 Hpa,120º (SE),10.8,5/8,2/8 SC,AC,-,-,-,-,Cloudy
HAMEDAN,03/11/2020,15Z,13.4,20%,1020.8 Hpa,150º (SE),7.2,4/8,4/8 SC,AC,-,-,21.9,-,Scattered clouds
HAMEDAN,03/11/2020,12Z,19.9,15%,1017.6 Hpa,030º (NE),7.2,4/8,4/8 SC,AC,-,-,-,-,Scattered clouds
HAMEDAN,03/11/2020,09Z,20.7,14%,1018.2 Hpa,020º (N),7.2,2/8,2/8 SC,AC,-,-,-,-,Few clouds
HAMEDAN,03/11/2020,06Z,11.2,22%,1022.9 Hpa,calm.,,5/8,3/8 SC,AC,CI,-,-,-,Cloudy
HAMEDAN,03/11/2020,03Z,4.8,36%,1022.8 Hpa,220º (SW),3.6,6/8,1/8 SC,AC,CI,-,-,4.3,Cloudy
HAMEDAN,03/11/2020,00Z,6.2,24%,1018.8 Hpa,170º (S ),7.2,4/8,1/8 SC,AC,-,-,-,-,Scattered clouds
ILAM,03/11/2020,21Z,18.3,33%,1017.0 Hpa,150º (SE),7.2,6/8,3/8 SC,AC,-,-,-,-,Cloudy
ILAM,03/11/2020,18Z,16.8,35%,1019.0 Hpa,070º (E ),7.2,6/8,2/8 SC,AC,-,-,-,-,Cloudy
ILAM,03/11/2020,15Z,19.1,31%,1020.8 Hpa,320º (NW),7.2,7/8,1/8 SC,AC,-,-,25.6,-,Cloudy
ILAM,03/11/2020,12Z,24.1,23%,1017.7 Hpa,260º (W ),14.4,5/8,1/8 SC,AC,-,-,-,-,Cloudy
ILAM,03/11/2020,09Z,24.4,21%,1018.8 Hpa,120º (SE),7.2,4/8,1/8 SC,AC,-,-,-,-,Scattered clouds
ILAM,03/11/2020,06Z,19.9,24%,1020.7 Hpa,140º (SE),3.6,4/8,1/8 SC,AC,-,-,-,-,Scattered clouds
ILAM,03/11/2020,03Z,13.8,31%,1020.9 Hpa,130º (SE),10.8,5/8,3/8 SC,AC,-,-,-,11.7,Cloudy
ILAM,03/11/2020,00Z,14.6,29%,1019.3 Hpa,090º (E ),7.2,6/8,1/8 ST,AC,-,-,-,-,Cloudy
IRANSHAHR,03/11/2020,21Z,16.7,13%,1015.2 Hpa,calm.,,0/8,-,-,-,-,-,-,Clear
IRANSHAHR,03/11/2020,18Z,19.2,11%,1015.8 Hpa,020º (N),7.2,0/8,-,-,-,-,-,-,Clear
IRANSHAHR,03/11/2020,15Z,24.1,11%,1015.9 Hpa,calm.,,0/8,-,-,-,-,31.5,-,Clear
IRANSHAHR,03/11/2020,12Z,31.1,6%,1014.8 Hpa,230º (SW),14.4,0/8,-,-,-,-,-,-,Clear
IRANSHAHR,03/11/2020,09Z,29.8,5%,1016.1 Hpa,280º (W ),10.8,0/8,-,-,-,-,-,-,Clear
IRANSHAHR,03/11/2020,06Z,26.3,6%,1019.0 Hpa,100º (E ),7.2,0/8,-,-,-,-,-,-,Clear
IRANSHAHR,03/11/2020,03Z,15.2,9%,1018.7 Hpa,010º (N),10.8,0/8,-,-,-,-,-,12.7,Clear
IRANSHAHR,03/11/2020,00Z,13.1,10%,1016.9 Hpa,040º (NE),10.8,0/8,-,-,-,-,-,-,Clear
JASK,03/11/2020,21Z,24.1,75%,1013.5 Hpa,320º (NW),7.2,0/8,-,-,-,-,-,-,"Clear, haze"
JASK,03/11/2020,18Z,26.0,75%,1014.7 Hpa,330º (NW),7.2,0/8,-,-,-,-,-,-,"Clear, haze"
JASK,03/11/2020,15Z,27.1,72%,1014.0 Hpa,290º (W ),14.4,0/8,-,-,-,-,30.2,-,"Clear, haze"
JASK,03/11/2020,12Z,29.2,104%,1013.5 Hpa,280º (W ),18.0,0/8,-,-,-,-,-,-,"Clear, haze"
JASK,03/11/2020,09Z,28.6,59%,1015.1 Hpa,230º (SW),7.2,0/8,-,-,-,-,-,-,"Clear, haze"
JASK,03/11/2020,06Z,28.2,110%,1017.0 Hpa,190º (S ),7.2,0/8,-,-,-,-,-,-,"Clear, haze"
JASK,03/11/2020,03Z,21.6,77%,1016.4 Hpa,030º (NE),7.2,0/8,-,-,-,-,-,21.0,"Clear, haze"
JASK,03/11/2020,00Z,22.8,77%,1015.5 Hpa,330º (NW),7.2,0/8,-,-,-,-,-,-,"Clear, haze"
KAHNUJ,03/11/2020,21Z,16.6,29%,1011.3 Hpa,calm.,,0/8,-,-,-,-,-,-,Clear
KAHNUJ,03/11/2020,18Z,19.9,23%,1012.2 Hpa,calm.,,0/8,-,-,-,-,-,-,Clear
KAHNUJ,03/11/2020,15Z,26.2,16%,1012.0 Hpa,calm.,,0/8,-,-,-,-,33.8,-,Clear
KAHNUJ,03/11/2020,12Z,33.6,10%,1010.5 Hpa,120º (SE),7.2,0/8,-,-,-,-,-,-,Clear
KAHNUJ,03/11/2020,09Z,31.9,11%,1012.0 Hpa,calm.,,0/8,-,-,-,-,-,-,Clear
KAHNUJ,03/11/2020,06Z,27.8,21%,1014.7 Hpa,calm.,,0/8,-,-,-,-,-,-,Clear
KAHNUJ,03/11/2020,03Z,13.0,39%,1013.8 Hpa,calm.,,0/8,-,-,-,-,-,13.0,Clear
KAHNUJ,03/11/2020,00Z,14.0,30%,1012.0 Hpa,calm.,,0/8,-,-,-,-,-,-,Clear
KASHAN,03/11/2020,21Z,13.1,22%,1019.6 Hpa,170º (S ),3.6,0/8,-,-,-,-,-,-,Clear
KASHAN,03/11/2020,18Z,15.8,20%,1019.6 Hpa,200º (S ),3.6,0/8,-,-,-,-,-,-,Clear
KASHAN,03/11/2020,15Z,19.9,16%,1020.5 Hpa,220º (SW),3.6,0/8,-,-,-,-,26.6,-,Clear
KASHAN,03/11/2020,12Z,26.5,9%,1018.7 Hpa,010º (N),10.8,0/8,-,-,-,-,-,-,Clear
KASHAN,03/11/2020,09Z,23.6,10%,1020.4 Hpa,320º (NW),7.2,0/8,-,-,-,-,-,-,Clear
KASHAN,03/11/2020,06Z,21.0,12%,1022.3 Hpa,050º (NE),3.6,0/8,-,-,-,-,-,-,Clear
KASHAN,03/11/2020,03Z,11.3,23%,1022.6 Hpa,calm.,,0/8,-,-,-,-,-,10.7,Clear
KASHAN,03/11/2020,00Z,12.3,24%,1020.2 Hpa,calm.,,0/8,-,-,-,-,-,-,Clear
KASHMAR,03/11/2020,21Z,15.6,25%,1019.6 Hpa,140º (SE),7.2,2/8,-,-,CI,-,-,-,Few clouds
KASHMAR,03/11/2020,18Z,18.1,22%,1020.1 Hpa,010º (N),7.2,0/8,-,-,-,-,-,-,Clear
KASHMAR,03/11/2020,15Z,18.0,24%,1021.6 Hpa,calm.,,0/8,-,-,-,-,26.4,-,Clear
KASHMAR,03/11/2020,12Z,26.0,14%,1019.2 Hpa,160º (S ),7.2,4/8,-,-,CI,-,-,-,Scattered clouds
KASHMAR,03/11/2020,09Z,25.4,15%,1020.1 Hpa,calm.,,0/8,-,-,-,-,-,-,Clear
KASHMAR,03/11/2020,06Z,22.1,18%,1023.9 Hpa,calm.,,0/8,-,-,-,-,-,-,Clear
KASHMAR,03/11/2020,03Z,14.6,26%,1022.1 Hpa,calm.,,0/8,-,-,-,-,-,12.9,Clear
KASHMAR,03/11/2020,00Z,14.0,28%,1019.9 Hpa,calm.,,0/8,-,-,-,-,-,-,Clear
KERMAN,03/11/2020,21Z,6.2,22%,1019.1 Hpa,130º (SE),18.0,0/8,-,-,-,-,-,-,Clear
KERMAN,03/11/2020,18Z,14.6,14%,1017.9 Hpa,010º (N),14.4,0/8,-,-,-,-,-,-,Clear
KERMAN,03/11/2020,15Z,18.5,12%,1021.4 Hpa,040º (NE),14.4,0/8,-,-,-,-,24.9,-,Clear
KERMAN,03/11/2020,12Z,24.8,7%,1017.7 Hpa,340º (N ),14.4,0/8,-,-,-,-,-,-,Clear
KERMAN,03/11/2020,09Z,22.6,8%,1018.8 Hpa,010º (N),7.2,0/8,-,-,-,-,-,-,Clear
KERMAN,03/11/2020,06Z,18.2,12%,1020.9 Hpa,300º (NW),7.2,0/8,-,-,-,-,-,-,Clear
KERMAN,03/11/2020,03Z,1.8,24%,1024.9 Hpa,calm.,,0/8,-,-,-,-,-,1.3,Clear
KERMAN,03/11/2020,00Z,2.8,25%,1020.4 Hpa,calm.,,0/8,-,-,-,-,-,-,Clear
KERMANSHAH,03/11/2020,21Z,15.6,38%,1017.9 Hpa,290º (W ),10.8,6/8,-,2/8 AC,CI,-,-,-,Cloudy
KERMANSHAH,03/11/2020,18Z,19.5,26%,1018.5 Hpa,350º (N ),10.8,4/8,-,2/8 AC,CC,-,-,-,Scattered clouds
KERMANSHAH,03/11/2020,15Z,20.8,19%,1018.2 Hpa,290º (W ),21.6,4/8,3/8 SC,AC,-,-,25.2,-,Scattered clouds
KERMANSHAH,03/11/2020,12Z,24.4,14%,1016.5 Hpa,020º (N),7.2,5/8,2/8 SC,AC,CI,-,-,-,Cloudy
KERMANSHAH,03/11/2020,09Z,23.9,5%,1018.3 Hpa,calm.,,5/8,-,3/8 AC,CI,-,-,-,Cloudy
KERMANSHAH,03/11/2020,06Z,18.1,5%,1020.1 Hpa,130º (SE),14.4,4/8,-,1/8 AC,CI,-,-,-,Scattered clouds
KERMANSHAH,03/11/2020,03Z,13.0,10%,1020.8 Hpa,calm.,,6/8,2/8 SC,AC,-,-,-,10.6,Cloudy
KERMANSHAH,03/11/2020,00Z,13.1,10%,1019.5 Hpa,090º (E ),7.2,6/8,2/8 SC,AC,-,-,-,-,Cloudy
KHARG,03/11/2020,15Z,26.6,49%,1016.4 Hpa,290º (W ),7.2,0/8,-,-,-,-,30.0,-,Clear
KHARG,03/11/2020,12Z,29.9,44%,1016.4 Hpa,310º (NW),18.0,0/8,-,-,-,-,-,-,Clear
KHARG,03/11/2020,09Z,28.7,69%,1017.5 Hpa,calm.,,1/8,-,-,CI,-,-,-,"Few clouds, haze"
KHARG,03/11/2020,06Z,27.9,70%,1018.8 Hpa,calm.,,0/8,-,-,-,-,-,-,"Clear, haze"
KHARG,03/11/2020,03Z,20.0,95%,1017.8 Hpa,calm.,,0/8,-,-,-,-,-,19.8,"Clear, mist"
KHOR,03/11/2020,21Z,17.2,24%,1017.6 Hpa,calm.,,0/8,-,-,-,-,-,-,Clear
KHOR,03/11/2020,18Z,16.4,22%,1019.3 Hpa,calm.,,2/8,-,-,CI,-,-,-,Few clouds
KHOR,03/11/2020,15Z,21.6,18%,1019.2 Hpa,calm.,,0/8,-,-,-,-,30.0,-,Clear
KHOR,03/11/2020,12Z,29.0,13%,1017.4 Hpa,020º (N),10.8,2/8,-,-,CI,-,-,-,Few clouds
KHOR,03/11/2020,09Z,27.2,15%,1018.9 Hpa,calm.,,1/8,-,-,CI,-,-,-,Few clouds
KHOR,03/11/2020,06Z,20.8,19%,1021.1 Hpa,calm.,,0/8,-,-,-,-,-,-,Clear
KHOR,03/11/2020,03Z,14.2,27%,1020.3 Hpa,calm.,,0/8,-,-,-,-,-,13.4,Clear
KHOR,03/11/2020,00Z,15.0,25%,1018.6 Hpa,calm.,,0/8,-,-,-,-,-,-,Clear
KHORRAM ABAD,03/11/2020,21Z,10.3,23%,1019.1 Hpa,140º (SE),10.8,0/8,-,-,-,-,-,-,Clear
KHORRAM ABAD,03/11/2020,18Z,13.7,20%,1019.1 Hpa,100º (E ),7.2,0/8,-,-,-,-,-,-,Clear
KHORRAM ABAD,03/11/2020,15Z,18.2,13%,1020.3 Hpa,220º (SW),7.2,1/8,-,1/8 AC,-,-,25.8,-,Few clouds
KHORRAM ABAD,03/11/2020,12Z,25.4,9%,1018.1 Hpa,260º (W ),18.0,3/8,1/8 CU,AC,-,-,-,-,Scattered clouds
KHORRAM ABAD,03/11/2020,09Z,23.3,11%,1018.9 Hpa,270º (W ),10.8,2/8,-,2/8 AC,-,-,-,-,Few clouds
KHORRAM ABAD,03/11/2020,06Z,17.1,17%,1021.9 Hpa,100º (E ),3.6,2/8,-,2/8 AC,-,-,-,-,Few clouds
KHORRAM ABAD,03/11/2020,03Z,4.9,42%,1023.4 Hpa,calm.,,0/8,-,-,-,-,-,4.8,Clear
KHORRAM ABAD,03/11/2020,00Z,6.4,35%,1020.9 Hpa,calm.,,0/8,-,-,-,-,-,-,Clear
KHOY,03/11/2020,21Z,15.0,60%,1018.5 Hpa,calm.,,0/8,-,-,-,-,-,-,Clear
KHOY,03/11/2020,18Z,16.0,52%,1018.2 Hpa,180º (S ),25.2,6/8,2/8 SC,-,CI,-,-,-,Cloudy
KHOY,03/11/2020,15Z,18.2,44%,1017.8 Hpa,180º (S ),25.2,6/8,2/8 SC,-,CI,-,22.4,-,Cloudy
KHOY,03/11/2020,12Z,21.2,33%,1015.5 Hpa,210º (SW),25.2,6/8,2/8 SC,-,CI,-,-,-,Cloudy
KHOY,03/11/2020,09Z,22.0,33%,1016.7 Hpa,260º (W ),14.4,5/8,2/8 SC,-,CI,-,-,-,Cloudy
KHOY,03/11/2020,06Z,14.8,51%,1019.5 Hpa,calm.,,6/8,3/8 SC,-,CI,-,-,-,Cloudy
KHOY,03/11/2020,03Z,11.8,57%,1018.3 Hpa,calm.,,4/8,4/8 SC,-,-,-,-,11.0,Scattered clouds
KHOY,03/11/2020,00Z,12.2,52%,1017.5 Hpa,calm.,,3/8,3/8 SC,-,-,-,-,-,Scattered clouds
KISH ISLAND,03/11/2020,21Z,26.0,67%,1014.7 Hpa,310º (NW),10.8,0/8,-,-,-,-,-,-,"Clear, haze"
KISH ISLAND,03/11/2020,18Z,26.4,65%,1015.5 Hpa,310º (NW),10.8,0/8,-,-,-,-,-,-,"Clear, haze"
KISH ISLAND,03/11/2020,15Z,28.0,60%,1015.5 Hpa,310º (NW),14.4,0/8,-,-,-,-,33.0,-,"Clear, haze"
KISH ISLAND,03/11/2020,12Z,31.0,55%,1015.0 Hpa,290º (W ),18.0,0/8,-,-,-,-,-,-,"Clear, haze"
KISH ISLAND,03/11/2020,09Z,32.8,30%,1016.2 Hpa,330º (NW),14.4,0/8,-,-,-,-,-,-,"Clear, haze"
KISH ISLAND,03/11/2020,06Z,29.8,55%,1017.8 Hpa,110º (E ),14.4,0/8,-,-,-,-,-,-,"Clear, haze"
KISH ISLAND,03/11/2020,03Z,24.6,67%,1016.3 Hpa,300º (NW),7.2,0/8,-,-,-,-,-,24.6,"Clear, haze"
KISH ISLAND,03/11/2020,00Z,26.2,64%,1015.8 Hpa,310º (NW),14.4,0/8,-,-,-,-,-,-,"Clear, haze"
MAKKO,03/11/2020,21Z,10.0,76%,1018.4 Hpa,030º (NE),10.8,6/8,6/8 SC,-,-,-,-,-,Cloudy
MAKKO,03/11/2020,18Z,13.0,58%,1018.4 Hpa,calm.,,7/8,7/8 CB,-,-,0.1(6h),-,-,"Cloudy, rain showers"
MAKKO,03/11/2020,15Z,15.4,48%,1017.2 Hpa,340º (N ),10.8,7/8,7/8 CB,-,-,-,16.8,-,Cloudy
MAKKO,03/11/2020,12Z,15.8,47%,1015.9 Hpa,140º (SE),7.2,5/8,5/8 SC,-,-,0.2(6h),-,-,Cloudy
MAKKO,03/11/2020,09Z,16.4,40%,1016.8 Hpa,090º (E ),10.8,5/8,5/8 SC,-,-,-,-,-,Cloudy
MAKKO,03/11/2020,06Z,13.3,51%,1019.8 Hpa,calm.,,4/8,4/8 SC,-,-,-,-,-,Scattered clouds
MAKKO,03/11/2020,03Z,9.2,54%,1020.4 Hpa,calm.,,4/8,4/8 SC,-,-,-,-,8.4,Scattered clouds
MAKKO,03/11/2020,00Z,11.2,49%,1018.7 Hpa,calm.,,5/8,5/8 SC,-,-,-,-,-,Cloudy
MARAGHEH,03/11/2020,21Z,11.9,78%,1019.0 Hpa,080º (E ),18.0,7/8,2/8 SC,AC,-,-,-,-,Cloudy
MARAGHEH,03/11/2020,18Z,12.9,76%,1020.5 Hpa,130º (SE),10.8,8/8,4/8 SC,AC,,0.4(6h),-,-,"Overcast, rain"
MARAGHEH,03/11/2020,15Z,13.2,78%,1020.2 Hpa,030º (NE),10.8,8/8,3/8 CB,AC,,-,21.2,-,"Overcast, rain showers"
MARAGHEH,03/11/2020,12Z,17.6,46%,1017.0 Hpa,070º (E ),21.6,8/8,5/8 CB,AC,,0.1(6h),-,-,Overcast
MARAGHEH,03/11/2020,09Z,20.1,34%,1017.4 Hpa,calm.,,8/8,3/8 SC,AC,,-,-,-,Overcast
MARAGHEH,03/11/2020,06Z,16.3,51%,1019.4 Hpa,080º (E ),10.8,7/8,3/8 SC,AC,-,Tr(6h),-,-,Cloudy
MARAGHEH,03/11/2020,03Z,13.7,49%,1019.2 Hpa,080º (E ),10.8,8/8,-,8/8 AC,,-,-,12.2,"Overcast, rain"
MARAGHEH,03/11/2020,00Z,15.3,29%,1016.3 Hpa,080º (E ),10.8,7/8,-,2/8 AC,CI,-,-,-,Cloudy
MARAVEH-TAPPEH,03/11/2020,21Z,15.7,70%,1021.1 Hpa,140º (SE),7.2,0/8,-,-,-,-,-,-,Clear
MARAVEH-TAPPEH,03/11/2020,18Z,17.7,73%,1022.8 Hpa,140º (SE),7.2,2/8,-,-,CI,-,-,-,Few clouds
MARAVEH-TAPPEH,03/11/2020,15Z,18.9,58%,1022.5 Hpa,calm.,,2/8,-,-,CI,-,28.4,-,Few clouds
MARAVEH-TAPPEH,03/11/2020,12Z,24.4,31%,1020.3 Hpa,260º (W ),7.2,5/8,-,-,CI,-,-,-,Cloudy
MARAVEH-TAPPEH,03/11/2020,09Z,28.1,22%,1019.7 Hpa,calm.,,2/8,-,-,CI,-,-,-,Few clouds
MARAVEH-TAPPEH,03/11/2020,06Z,21.7,32%,1021.7 Hpa,calm.,,5/8,-,-,CI,-,-,-,Cloudy
MARAVEH-TAPPEH,03/11/2020,03Z,18.0,34%,1021.8 Hpa,140º (SE),10.8,4/8,-,-,CI,-,-,17.7,Scattered clouds
MARAVEH-TAPPEH,03/11/2020,00Z,18.7,32%,1021.2 Hpa,150º (SE),10.8,0/8,-,-,-,-,-,-,Clear
MASHHAD,03/11/2020,21Z,12.4,32%,1021.3 Hpa,110º (E ),10.8,0/8,-,-,-,-,-,-,Clear
MASHHAD,03/11/2020,18Z,16.2,25%,1022.2 Hpa,200º (S ),7.2,1/8,-,-,CI,-,-,-,Few clouds
MASHHAD,03/11/2020,15Z,18.8,26%,1023.2 Hpa,180º (S ),10.8,3/8,-,-,CI,-,27.3,-,Scattered clouds
MASHHAD,03/11/2020,12Z,25.4,26%,1019.9 Hpa,130º (SE),18.0,3/8,-,-,CI,-,-,-,Scattered clouds
MASHHAD,03/11/2020,09Z,26.1,26%,1019.9 Hpa,calm.,,2/8,-,-,CI,-,-,-,Few clouds
MASHHAD,03/11/2020,06Z,21.2,31%,1021.8 Hpa,calm.,,1/8,-,-,CI,-,-,-,Few clouds
MASHHAD,03/11/2020,03Z,8.6,63%,1023.3 Hpa,calm.,,2/8,-,-,CI,-,-,7.8,Few clouds
MASHHAD,03/11/2020,00Z,11.0,54%,1020.8 Hpa,230º (SW),7.2,0/8,-,-,-,-,-,-,Clear
MASJED-SOLEYMAN,03/11/2020,21Z,19.0,46%,1015.6 Hpa,calm.,,0/8,-,-,-,-,-,-,Clear
MASJED-SOLEYMAN,03/11/2020,18Z,21.3,40%,1016.3 Hpa,calm.,,0/8,-,-,-,-,-,-,Clear
MASJED-SOLEYMAN,03/11/2020,15Z,25.4,35%,1016.2 Hpa,290º (W ),3.6,3/8,-,-,CI,-,32.7,-,Scattered clouds
MASJED-SOLEYMAN,03/11/2020,12Z,31.7,13%,1015.3 Hpa,270º (W ),10.8,3/8,-,-,CI,-,-,-,Scattered clouds
MASJED-SOLEYMAN,03/11/2020,09Z,30.6,20%,1016.5 Hpa,320º (NW),7.2,0/8,-,-,-,-,-,-,Clear
MASJED-SOLEYMAN,03/11/2020,06Z,23.2,28%,1017.8 Hpa,320º (NW),3.6,2/8,-,-,CI,-,-,-,Few clouds
MASJED-SOLEYMAN,03/11/2020,03Z,16.5,42%,1017.6 Hpa,330º (NW),3.6,0/8,-,-,-,-,-,15.9,Clear
MASJED-SOLEYMAN,03/11/2020,00Z,17.0,40%,1017.1 Hpa,300º (NW),3.6,0/8,-,-,-,-,-,-,Clear
MEYANEH,03/11/2020,21Z,14.4,74%,1022.2 Hpa,210º (SW),10.8,8/8,-,8/8 AC,,-,-,-,"Overcast, rain"
MEYANEH,03/11/2020,18Z,17.0,55%,1020.5 Hpa,270º (W ),10.8,7/8,-,3/8 AC,CI,-,-,-,Cloudy
MEYANEH,03/11/2020,15Z,18.2,35%,1020.4 Hpa,030º (NE),7.2,7/8,-,3/8 AC,CI,-,20.8,-,Cloudy
MEYANEH,03/11/2020,12Z,20.6,25%,1019.3 Hpa,calm.,,6/8,-,4/8 AC,CI,-,-,-,"Cloudy, haze"
MEYANEH,03/11/2020,09Z,15.2,33%,1022.2 Hpa,calm.,,7/8,-,4/8 AC,CI,-,-,-,"Cloudy, haze"
MEYANEH,03/11/2020,06Z,13.4,29%,1023.0 Hpa,060º (NE),7.2,7/8,-,4/8 AC,CI,-,-,-,"Cloudy, haze"
MEYANEH,03/11/2020,03Z,7.6,48%,1022.3 Hpa,calm.,,5/8,-,4/8 AC,CI,-,-,7.0,"Cloudy, haze"
MEYANEH,03/11/2020,00Z,10.6,41%,1020.1 Hpa,calm.,,3/8,-,-,CI,-,-,-,"Scattered clouds, haze"
MOHABAD,03/11/2020,21Z,10.0,69%,1019.8 Hpa,calm.,,0/8,-,-,-,-,-,-,Clear
MOHABAD,03/11/2020,18Z,13.5,62%,1019.1 Hpa,240º (SW),28.8,8/8,5/8 CB,AC,,0.6(6h),-,-,Overcast
MOHABAD,03/11/2020,15Z,15.6,49%,1019.2 Hpa,220º (SW),14.4,8/8,5/8 CB,AC,,-,23.0,-,Overcast
MOHABAD,03/11/2020,12Z,20.7,28%,1015.7 Hpa,220º (SW),28.8,8/8,4/8 SC,AC,,-,-,-,Overcast
MOHABAD,03/11/2020,09Z,19.5,30%,1017.4 Hpa,210º (SW),32.4,8/8,4/8 SC,AC,,-,-,-,Overcast
MOHABAD,03/11/2020,06Z,18.6,32%,1018.7 Hpa,240º (SW),7.2,4/8,3/8 SC,-,CI,-,-,-,Scattered clouds
MOHABAD,03/11/2020,03Z,16.2,38%,1017.9 Hpa,200º (S ),7.2,6/8,6/8 SC,-,-,-,-,14.6,Cloudy
MOHABAD,03/11/2020,00Z,17.2,38%,1016.3 Hpa,220º (SW),18.0,6/8,2/8 SC,AC,-,-,-,-,Cloudy
NEHBANDAN,03/11/2020,21Z,12.2,19%,1017.0 Hpa,calm.,,0/8,-,-,-,-,-,-,Clear
NEHBANDAN,03/11/2020,18Z,16.1,13%,1018.2 Hpa,calm.,,0/8,-,-,-,-,-,-,Clear
NEHBANDAN,03/11/2020,15Z,20.3,9%,1019.7 Hpa,calm.,,0/8,-,-,-,-,27.9,-,Clear
NEHBANDAN,03/11/2020,12Z,26.8,3%,1017.4 Hpa,350º (N ),10.8,0/8,-,-,-,-,-,-,Clear
NEHBANDAN,03/11/2020,09Z,26.3,4%,1017.9 Hpa,030º (NE),10.8,0/8,-,-,-,-,-,-,Clear
NEHBANDAN,03/11/2020,06Z,20.8,3%,1020.8 Hpa,calm.,,0/8,-,-,-,-,-,-,Clear
NEHBANDAN,03/11/2020,03Z,6.5,14%,1022.5 Hpa,calm.,,0/8,-,-,-,-,-,6.0,Clear
NEHBANDAN,03/11/2020,00Z,7.8,10%,1019.0 Hpa,calm.,,0/8,-,-,-,-,-,-,Clear
NOSHAHR,03/11/2020,21Z,16.2,87%,1020.1 Hpa,210º (SW),3.6,0/8,-,-,-,-,-,-,Clear
NOSHAHR,03/11/2020,18Z,17.6,88%,1020.5 Hpa,190º (S ),7.2,1/8,-,-,CI,-,-,-,Few clouds
NOSHAHR,03/11/2020,15Z,20.0,85%,1021.1 Hpa,190º (S ),3.6,6/8,4/8 SC,-,CS,-,22.4,-,Cloudy
NOSHAHR,03/11/2020,12Z,21.8,75%,1020.8 Hpa,330º (NW),3.6,7/8,5/8 CU/SC,-,CI,-,-,-,Cloudy
NOSHAHR,03/11/2020,09Z,22.2,72%,1020.7 Hpa,330º (NW),7.2,7/8,7/8 SC,-,-,-,-,-,Cloudy
NOSHAHR,03/11/2020,06Z,19.8,73%,1021.1 Hpa,calm.,,7/8,7/8 SC,-,-,-,-,-,Cloudy
NOSHAHR,03/11/2020,03Z,16.8,87%,1020.4 Hpa,180º (S ),3.6,5/8,5/8 SC,-,-,-,-,16.6,Cloudy
NOSHAHR,03/11/2020,00Z,16.6,89%,1020.3 Hpa,calm.,,5/8,5/8 SC,-,-,-,-,-,Cloudy
OMIDYEH-AGHAJARI,03/11/2020,21Z,15.7,34%,1016.0 Hpa,150º (SE),7.2,0/8,-,-,-,-,-,-,Clear
OMIDYEH-AGHAJARI,03/11/2020,18Z,19.7,26%,1016.6 Hpa,360º (N ),7.2,0/8,-,-,-,-,-,-,Clear
OMIDYEH-AGHAJARI,03/11/2020,15Z,23.9,20%,1016.0 Hpa,340º (N ),10.8,0/8,-,-,-,-,34.7,-,Clear
OMIDYEH-AGHAJARI,03/11/2020,12Z,34.1,9%,1016.0 Hpa,290º (W ),14.4,1/8,-,-,CI,-,-,-,Few clouds
OMIDYEH-AGHAJARI,03/11/2020,09Z,31.8,12%,1017.5 Hpa,320º (NW),14.4,0/8,-,-,-,-,-,-,Clear
OMIDYEH-AGHAJARI,03/11/2020,06Z,24.0,23%,1018.8 Hpa,calm.,,0/8,-,-,-,-,-,-,Clear
OMIDYEH-AGHAJARI,03/11/2020,03Z,12.5,41%,1017.8 Hpa,calm.,,0/8,-,-,-,-,-,12.0,Clear
OMIDYEH-AGHAJARI,03/11/2020,00Z,12.0,40%,1017.3 Hpa,calm.,,0/8,-,-,-,-,-,-,Clear
ORUMIEH,03/11/2020,21Z,6.8,91%,1020.1 Hpa,100º (E ),7.2,4/8,4/8 CB,-,-,-,-,-,Scattered clouds
ORUMIEH,03/11/2020,18Z,9.4,82%,1020.7 Hpa,260º (W ),7.2,3/8,3/8 CB,-,-,0.3(6h),-,-,Scattered clouds
ORUMIEH,03/11/2020,15Z,13.6,60%,1018.5 Hpa,100º (E ),7.2,6/8,5/8 CB,AC,-,-,20.4,-,Cloudy
ORUMIEH,03/11/2020,12Z,14.8,71%,1017.7 Hpa,150º (SE),7.2,7/8,5/8 CB,AC,-,0.6(6h),-,-,"Cloudy, rain showers"
ORUMIEH,03/11/2020,09Z,19.6,41%,1018.7 Hpa,180º (S ),10.8,4/8,4/8 CB,-,-,-,-,-,Scattered clouds
ORUMIEH,03/11/2020,06Z,14.2,59%,1020.2 Hpa,140º (SE),7.2,6/8,5/8 CB,AC,-,0.3(6h),-,-,Cloudy
ORUMIEH,03/11/2020,03Z,15.0,49%,1017.6 Hpa,200º (S ),18.0,7/8,4/8 CB,AC,-,-,-,8.8,"Cloudy, rain showers"
ORUMIEH,03/11/2020,00Z,13.6,47%,1017.2 Hpa,200º (S ),18.0,7/8,3/8 SC,-,CI,-,-,-,Cloudy
PARS ABAD MOGHAN,03/11/2020,21Z,16.1,89%,1022.8 Hpa,350º (N ),7.2,8/8,5/8 SC,AC,,-,-,-,Overcast
PARS ABAD MOGHAN,03/11/2020,18Z,16.8,84%,1021.7 Hpa,050º (NE),7.2,8/8,5/8 ST,AC,,-,-,-,Overcast
PARS ABAD MOGHAN,03/11/2020,15Z,17.0,85%,1021.3 Hpa,100º (E ),7.2,8/8,5/8 ST,AC,,-,18.9,-,"Overcast, mist"
PARS ABAD MOGHAN,03/11/2020,12Z,18.4,78%,1020.6 Hpa,calm.,,8/8,8/8 ST,,,0.2(6h),-,-,"Overcast, haze"
PARS ABAD MOGHAN,03/11/2020,09Z,16.5,92%,1022.0 Hpa,280º (W ),7.2,8/8,8/8 ST,,,-,-,-,"Overcast, mist"
PARS ABAD MOGHAN,03/11/2020,06Z,15.3,93%,1023.0 Hpa,210º (SW),10.8,8/8,8/8 ST,,,-,-,-,"Overcast, mist"
PARS ABAD MOGHAN,03/11/2020,03Z,15.5,90%,1021.9 Hpa,130º (SE),7.2,8/8,8/8 ST,,,-,-,15.0,Overcast
PARS ABAD MOGHAN,03/11/2020,00Z,15.2,90%,1021.3 Hpa,calm.,,8/8,8/8 ST,,,-,-,-,Overcast
RAMSAR,03/11/2020,21Z,18.8,78%,1019.1 Hpa,220º (SW),3.6,7/8,5/8 CB,AC,-,-,-,-,"Cloudy, haze"
RAMSAR,03/11/2020,18Z,19.8,86%,1020.0 Hpa,calm.,,7/8,5/8 CB,AC,-,-,-,-,"Cloudy, mist"
RAMSAR,03/11/2020,15Z,20.4,85%,1020.4 Hpa,230º (SW),3.6,8/8,6/8 CB,AC,,-,22.2,-,"Overcast, mist"
RAMSAR,03/11/2020,12Z,21.4,80%,1020.2 Hpa,340º (N ),7.2,7/8,5/8 CB,AC,-,-,-,-,"Cloudy, mist"
RAMSAR,03/11/2020,09Z,21.6,80%,1020.2 Hpa,350º (N ),10.8,7/8,5/8 CB,AC,-,-,-,-,"Cloudy, mist"
RAMSAR,03/11/2020,06Z,20.6,77%,1021.0 Hpa,290º (W ),7.2,8/8,6/8 CB,AC,,-,-,-,"Overcast, haze"
RAMSAR,03/11/2020,03Z,19.0,82%,1019.4 Hpa,230º (SW),3.6,7/8,5/8 CB,AC,-,-,-,19.0,Cloudy
RAMSAR,03/11/2020,00Z,19.0,90%,1019.1 Hpa,190º (S ),3.6,6/8,6/8 CB,-,-,-,-,-,Cloudy
RASHT,03/11/2020,21Z,17.0,100%,1020.8 Hpa,calm.,,7/8,4/8 SC,AC,-,-,-,-,"Cloudy, mist"
RASHT,03/11/2020,18Z,17.0,98%,1020.8 Hpa,120º (SE),7.2,3/8,-,-,CS,-,-,-,"Scattered clouds, mist"
RASHT,03/11/2020,15Z,19.0,100%,1021.2 Hpa,calm.,,5/8,-,-,CI,-,22.2,-,"Cloudy, mist"
RASHT,03/11/2020,12Z,21.0,79%,1021.2 Hpa,calm.,,8/8,5/8 SC,AC,,-,-,-,"Overcast, mist"
RASHT,03/11/2020,09Z,21.8,77%,1021.6 Hpa,220º (SW),10.8,7/8,2/8 SC,AC,CI,-,-,-,"Cloudy, haze"
RASHT,03/11/2020,06Z,20.4,79%,1022.1 Hpa,calm.,,8/8,4/8 SC,AC,,-,-,-,"Overcast, mist"
RASHT,03/11/2020,03Z,17.0,100%,1020.7 Hpa,calm.,,8/8,5/8 CB,AC,,-,-,16.4,"Overcast, mist"
RASHT,03/11/2020,00Z,16.4,100%,1020.2 Hpa,calm.,,6/8,3/8 SC,AC,-,-,-,-,"Cloudy, mist"
SABZEVAR,03/11/2020,21Z,18.0,19%,1018.3 Hpa,070º (E ),14.4,0/8,-,-,-,-,-,-,Clear
SABZEVAR,03/11/2020,18Z,20.4,18%,1019.5 Hpa,070º (E ),18.0,2/8,-,-,CI,-,-,-,Few clouds
SABZEVAR,03/11/2020,15Z,18.4,20%,1020.7 Hpa,010º (N),10.8,2/8,-,-,CI,-,28.8,-,Few clouds
SABZEVAR,03/11/2020,12Z,27.8,10%,1018.3 Hpa,calm.,,4/8,-,-,CI,-,-,-,Scattered clouds
SABZEVAR,03/11/2020,09Z,26.4,11%,1019.6 Hpa,100º (E ),7.2,3/8,-,-,CI,-,-,-,Scattered clouds
SABZEVAR,03/11/2020,06Z,19.3,18%,1022.4 Hpa,080º (E ),21.6,1/8,-,-,CI,-,-,-,Few clouds
SABZEVAR,03/11/2020,03Z,13.1,26%,1022.5 Hpa,070º (E ),18.0,1/8,-,-,CI,-,-,12.9,Few clouds
SABZEVAR,03/11/2020,00Z,13.4,24%,1020.3 Hpa,060º (NE),14.4,0/8,-,-,-,-,-,-,Clear
SAFI-ABAD DEZFUL,03/11/2020,21Z,17.0,68%,1016.7 Hpa,030º (NE),7.2,0/8,-,-,-,-,-,-,Clear
SAFI-ABAD DEZFUL,03/11/2020,18Z,19.4,68%,1016.8 Hpa,040º (NE),7.2,0/8,-,-,-,-,-,-,Clear
SAFI-ABAD DEZFUL,03/11/2020,15Z,23.3,55%,1016.6 Hpa,220º (SW),3.6,2/8,2/8 SC,-,-,-,30.8,-,Few clouds
SAFI-ABAD DEZFUL,03/11/2020,12Z,30.6,29%,1016.3 Hpa,260º (W ),10.8,3/8,-,3/8 AC,-,-,-,-,Scattered clouds
SAFI-ABAD DEZFUL,03/11/2020,09Z,29.4,29%,1017.6 Hpa,270º (W ),7.2,3/8,-,-,CI,-,-,-,Scattered clouds
SAFI-ABAD DEZFUL,03/11/2020,06Z,21.5,49%,1019.0 Hpa,020º (N),3.6,4/8,-,-,CI,-,-,-,Scattered clouds
SAFI-ABAD DEZFUL,03/11/2020,03Z,15.1,57%,1018.3 Hpa,250º (W ),7.2,0/8,-,-,-,-,-,13.7,Clear
SAFI-ABAD DEZFUL,03/11/2020,00Z,16.1,61%,1018.3 Hpa,340º (N ),10.8,0/8,-,-,-,-,-,-,Clear
SAGHEZ,03/11/2020,21Z,10.6,83%,1019.3 Hpa,190º (S ),14.4,8/8,5/8 CB,AC,-,-,-,-,Overcast
SAGHEZ,03/11/2020,18Z,14.3,56%,1019.9 Hpa,220º (SW),10.8,8/8,7/8 CB,AC,,0.2(6h),-,-,"Overcast, rain showers"
SAGHEZ,03/11/2020,15Z,17.7,38%,1019.0 Hpa,280º (W ),18.0,6/8,4/8 CB,-,CI,-,22.0,-,Cloudy
SAGHEZ,03/11/2020,12Z,20.9,31%,1016.1 Hpa,200º (S ),7.2,5/8,5/8 CU,-,CI,-,-,-,Cloudy
SAGHEZ,03/11/2020,09Z,20.4,30%,1017.7 Hpa,240º (SW),10.8,5/8,5/8 CU,-,CI,-,-,-,Cloudy
SAGHEZ,03/11/2020,06Z,18.9,29%,1018.2 Hpa,calm.,,2/8,2/8 CU,-,-,-,-,-,Few clouds
SAGHEZ,03/11/2020,03Z,12.4,38%,1019.6 Hpa,calm.,,3/8,3/8 CU,-,-,-,-,11.7,Scattered clouds
SAGHEZ,03/11/2020,00Z,14.0,30%,1017.9 Hpa,calm.,,3/8,3/8 CU,-,-,-,-,-,Scattered clouds
SANANDAJ,03/11/2020,21Z,12.6,73%,1019.1 Hpa,calm.,,6/8,4/8 CU,AC,CI,-,-,-,Cloudy
SANANDAJ,03/11/2020,18Z,14.4,61%,1021.7 Hpa,110º (E ),7.2,8/8,4/8 CB,AC,,0.2(6h),-,-,"Overcast, rain showers"
SANANDAJ,03/11/2020,15Z,19.4,28%,1019.0 Hpa,020º (N),7.2,7/8,3/8 SC,AC,CI,-,24.2,-,Cloudy
SANANDAJ,03/11/2020,12Z,23.2,20%,1016.7 Hpa,Vble.,,7/8,3/8 CU,AC,CI,-,-,-,Cloudy
SANANDAJ,03/11/2020,09Z,22.0,18%,1017.5 Hpa,calm.,,5/8,1/8 CU,AC,CI,-,-,-,Cloudy
SANANDAJ,03/11/2020,06Z,15.0,24%,1021.6 Hpa,calm.,,2/8,1/8 SC,-,CI,-,-,-,Few clouds
SANANDAJ,03/11/2020,03Z,8.2,48%,1022.4 Hpa,calm.,,5/8,2/8 SC,AC,CI,-,-,7.7,Cloudy
SANANDAJ,03/11/2020,00Z,11.2,38%,1019.5 Hpa,Vble.,,6/8,-,3/8 AC,CI,-,-,-,Cloudy
SARAB,03/11/2020,21Z,9.0,94%,1022.4 Hpa,340º (N ),14.4,8/8,5/8 CB,AC,,-,-,-,"Overcast, rain showers"
SARAB,03/11/2020,18Z,9.8,90%,1022.3 Hpa,330º (NW),25.2,8/8,5/8 CB,AC,,1.0(6h),-,-,"Overcast, rain showers"
SARAB,03/11/2020,15Z,12.6,68%,1022.1 Hpa,calm.,,7/8,4/8 CB,AC,-,-,18.6,-,"Cloudy, rain showers"
SARAB,03/11/2020,12Z,17.4,38%,1019.6 Hpa,calm.,,7/8,4/8 CB,AC,CI,Tr(6h),-,-,"Cloudy, haze"
SARAB,03/11/2020,09Z,15.6,43%,1022.0 Hpa,220º (SW),7.2,7/8,5/8 CB,AC,-,-,-,-,"Cloudy, haze"
SARAB,03/11/2020,06Z,13.0,41%,1022.5 Hpa,calm.,,8/8,5/8 CB,AC,,-,-,-,"Overcast, haze"
SARAB,03/11/2020,03Z,7.0,56%,1021.7 Hpa,calm.,,7/8,4/8 CB,AC,-,-,-,5.6,"Cloudy, haze"
SARAB,03/11/2020,00Z,8.8,43%,1019.3 Hpa,340º (N ),7.2,8/8,4/8 CB,AC,,-,-,-,"Overcast, haze"
SARAKHS,03/11/2020,21Z,10.7,32%,1023.3 Hpa,calm.,,0/8,-,-,-,-,-,-,Clear
SARAKHS,03/11/2020,18Z,14.6,28%,1024.1 Hpa,calm.,,0/8,-,-,-,-,-,-,Clear
SARAKHS,03/11/2020,15Z,20.9,16%,1023.1 Hpa,040º (NE),10.8,0/8,-,-,-,-,28.7,-,Clear
SARAKHS,03/11/2020,12Z,28.0,9%,1020.9 Hpa,calm.,,4/8,-,-,CI,-,-,-,Scattered clouds
SARAKHS,03/11/2020,09Z,27.6,12%,1021.2 Hpa,300º (NW),10.8,0/8,-,-,-,-,-,-,Clear
SARAKHS,03/11/2020,06Z,20.0,30%,1023.0 Hpa,calm.,,0/8,-,-,-,-,-,-,Clear
SARAKHS,03/11/2020,03Z,10.5,48%,1022.0 Hpa,calm.,,0/8,-,-,-,-,-,10.5,Clear
SARAKHS,03/11/2020,00Z,12.3,42%,1020.6 Hpa,calm.,,0/8,-,-,-,-,-,-,Clear
SARAVAN,03/11/2020,21Z,13.0,12%,1017.9 Hpa,calm.,,0/8,-,-,-,-,-,-,Clear
SARAVAN,03/11/2020,18Z,20.3,10%,1017.9 Hpa,040º (NE),7.2,0/8,-,-,-,-,-,-,Clear
SARAVAN,03/11/2020,15Z,22.6,7%,1020.0 Hpa,050º (NE),14.4,0/8,-,-,-,-,27.6,-,Clear
SARAVAN,03/11/2020,12Z,26.8,5%,1018.3 Hpa,050º (NE),21.6,0/8,-,-,-,-,-,-,Clear
SARAVAN,03/11/2020,09Z,26.8,4%,1018.7 Hpa,060º (NE),21.6,0/8,-,-,-,-,-,-,Clear
SARAVAN,03/11/2020,06Z,21.8,6%,1020.4 Hpa,260º (W ),7.2,0/8,-,-,-,-,-,-,Clear
SARAVAN,03/11/2020,03Z,8.2,8%,1022.4 Hpa,020º (N),7.2,0/8,-,-,-,-,-,6.7,Clear
SARAVAN,03/11/2020,00Z,7.7,7%,1020.2 Hpa,320º (NW),10.8,0/8,-,-,-,-,-,-,Clear
SEMNAN,03/11/2020,21Z,16.0,22%,1019.4 Hpa,330º (NW),3.6,0/8,-,-,-,-,-,-,Clear
SEMNAN,03/11/2020,18Z,17.8,19%,1019.5 Hpa,340º (N ),3.6,0/8,-,-,-,-,-,-,Clear
SEMNAN,03/11/2020,15Z,18.6,22%,1020.6 Hpa,340º (N ),3.6,1/8,-,-,CI,-,25.6,-,Few clouds
SEMNAN,03/11/2020,12Z,25.2,13%,1018.4 Hpa,180º (S ),3.6,3/8,-,-,CI,-,-,-,Scattered clouds
SEMNAN,03/11/2020,09Z,24.0,15%,1020.0 Hpa,180º (S ),3.6,3/8,-,-,CI,-,-,-,Scattered clouds
SEMNAN,03/11/2020,06Z,23.0,18%,1020.8 Hpa,140º (SE),3.6,1/8,-,-,CI,-,-,-,Few clouds
SEMNAN,03/11/2020,03Z,14.0,22%,1021.3 Hpa,350º (N ),3.6,0/8,-,-,-,-,-,11.6,Clear
SEMNAN,03/11/2020,00Z,15.6,21%,1019.4 Hpa,calm.,,0/8,-,-,-,-,-,-,Clear
SHAHRE-KORD,03/11/2020,18Z,5.9,18%,1023.0 Hpa,340º (N ),10.8,2/8,-,-,CI,-,-,-,Few clouds
SHAHRE-KORD,03/11/2020,15Z,13.9,8%,1025.0 Hpa,180º (S ),10.8,3/8,-,-,CI,-,22.8,-,Scattered clouds
SHAHRE-KORD,03/11/2020,12Z,22.0,2%,1020.1 Hpa,200º (S ),14.4,2/8,-,-,CI,-,-,-,Few clouds
SHAHRE-KORD,03/11/2020,09Z,19.5,4%,1021.5 Hpa,310º (NW),7.2,1/8,-,-,CI,-,-,-,Few clouds
SHAHRE-KORD,03/11/2020,06Z,9.7,13%,1025.8 Hpa,160º (S ),7.2,2/8,-,-,CI,-,-,-,Few clouds
SHAHRE-KORD,03/11/2020,03Z,-5.5,38%,1029.2 Hpa,010º (N),3.6,0/8,-,-,-,-,-,-5.9,Clear
SHAHRE-KORD,03/11/2020,00Z,-3.5,43%,1023.5 Hpa,310º (NW),3.6,0/8,-,-,-,-,-,-,Clear
SHAHRUD,03/11/2020,21Z,10.8,40%,1020.0 Hpa,calm.,,2/8,2/8 SC,-,-,-,-,-,Few clouds
SHAHRUD,03/11/2020,18Z,14.4,31%,1020.5 Hpa,360º (N ),7.2,0/8,-,-,-,-,-,-,Clear
SHAHRUD,03/11/2020,15Z,17.6,24%,1021.7 Hpa,360º (N ),7.2,0/8,-,-,-,-,23.0,-,Clear
SHAHRUD,03/11/2020,12Z,22.0,15%,1019.7 Hpa,250º (W ),7.2,5/8,-,-,CI,-,-,-,Cloudy
SHAHRUD,03/11/2020,09Z,22.0,18%,1019.9 Hpa,240º (SW),7.2,5/8,-,-,CI,-,-,-,Cloudy
SHAHRUD,03/11/2020,06Z,18.8,22%,1021.8 Hpa,080º (E ),3.6,2/8,-,-,CI,-,-,-,Few clouds
SHAHRUD,03/11/2020,03Z,10.4,35%,1023.0 Hpa,310º (NW),3.6,1/8,-,-,CI,-,-,8.8,Few clouds
SHAHRUD,03/11/2020,00Z,11.0,38%,1020.3 Hpa,calm.,,0/8,-,-,-,-,-,-,Clear
SHIRAZ,03/11/2020,21Z,8.6,42%,1017.3 Hpa,calm.,,0/8,-,-,-,-,-,-,"Clear, haze"
SHIRAZ,03/11/2020,18Z,13.4,24%,1018.1 Hpa,calm.,,0/8,-,-,-,-,-,-,"Clear, haze"
SHIRAZ,03/11/2020,15Z,16.0,27%,1020.0 Hpa,calm.,,0/8,-,-,-,-,26.8,-,"Clear, haze"
SHIRAZ,03/11/2020,12Z,26.0,7%,1016.5 Hpa,130º (SE),7.2,0/8,-,-,-,-,-,-,"Clear, haze"
SHIRAZ,03/11/2020,09Z,24.6,10%,1018.2 Hpa,190º (S ),7.2,0/8,-,-,-,-,-,-,"Clear, haze"
SHIRAZ,03/11/2020,06Z,18.0,16%,1020.5 Hpa,calm.,,0/8,-,-,-,-,-,-,"Clear, haze"
SHIRAZ,03/11/2020,03Z,6.4,42%,1022.8 Hpa,calm.,,0/8,-,-,-,-,-,6.2,Clear
SHIRAZ,03/11/2020,00Z,6.6,37%,1018.7 Hpa,calm.,,0/8,-,-,-,-,-,-,Clear
SIRI ISLAND,03/11/2020,15Z,28.8,47%,1015.6 Hpa,300º (NW),14.4,0/8,-,-,-,-,32.0,-,"Clear, haze"
SIRI ISLAND,03/11/2020,12Z,31.2,93%,1015.2 Hpa,300º (NW),14.4,0/8,-,-,-,-,-,-,"Clear, haze"
SIRI ISLAND,03/11/2020,09Z,32.0,36%,1016.4 Hpa,330º (NW),14.4,0/8,-,-,-,-,-,-,"Clear, haze"
SIRI ISLAND,03/11/2020,06Z,30.4,98%,1018.1 Hpa,300º (NW),10.8,0/8,-,-,-,-,-,-,Clear
SIRI ISLAND,03/11/2020,03Z,27.0,58%,1016.8 Hpa,300º (NW),7.2,0/8,-,-,-,-,-,27.0,Clear
SIRJAN,03/11/2020,21Z,7.4,20%,1017.4 Hpa,calm.,,0/8,-,-,-,-,-,-,Clear
SIRJAN,03/11/2020,18Z,11.0,17%,1018.5 Hpa,calm.,,0/8,-,-,-,-,-,-,Clear
SIRJAN,03/11/2020,15Z,17.0,15%,1020.7 Hpa,calm.,,0/8,-,-,-,-,26.3,-,Clear
SIRJAN,03/11/2020,12Z,26.0,8%,1016.9 Hpa,calm.,,0/8,-,-,-,-,-,-,Clear
SIRJAN,03/11/2020,09Z,22.4,12%,1018.4 Hpa,240º (SW),14.4,0/8,-,-,-,-,-,-,Clear
SIRJAN,03/11/2020,06Z,17.0,15%,1020.8 Hpa,calm.,,0/8,-,-,-,-,-,-,Clear
SIRJAN,03/11/2020,03Z,1.6,30%,1024.2 Hpa,calm.,,0/8,-,-,-,-,-,1.6,Clear
SIRJAN,03/11/2020,00Z,3.4,27%,1019.4 Hpa,calm.,,0/8,-,-,-,-,-,-,Clear
TABAS,03/11/2020,21Z,17.5,15%,1017.9 Hpa,calm.,,0/8,-,-,-,-,-,-,Clear
TABAS,03/11/2020,18Z,17.4,18%,1019.2 Hpa,calm.,,0/8,-,-,-,-,-,-,Clear
TABAS,03/11/2020,15Z,21.6,13%,1019.7 Hpa,calm.,,0/8,-,-,-,-,30.2,-,Clear
TABAS,03/11/2020,12Z,29.7,7%,1017.9 Hpa,calm.,,0/8,-,-,-,-,-,-,Clear
TABAS,03/11/2020,09Z,25.8,12%,1019.6 Hpa,calm.,,0/8,-,-,-,-,-,-,Clear
TABAS,03/11/2020,06Z,20.8,18%,1022.0 Hpa,calm.,,0/8,-,-,-,-,-,-,Clear
TABAS,03/11/2020,03Z,12.1,23%,1021.9 Hpa,calm.,,0/8,-,-,-,-,-,12.1,Clear
TABAS,03/11/2020,00Z,13.9,20%,1019.5 Hpa,calm.,,0/8,-,-,-,-,-,-,Clear
TABRIZ,03/11/2020,21Z,13.0,64%,1020.6 Hpa,070º (E ),10.8,7/8,3/8 CB,AC,CS,-,-,-,Cloudy
TABRIZ,03/11/2020,18Z,12.4,73%,1022.9 Hpa,070º (E ),7.2,7/8,4/8 CB,AC,CI,2.0(6h),-,-,"Cloudy, rain"
TABRIZ,03/11/2020,15Z,14.0,67%,1022.8 Hpa,230º (SW),21.6,7/8,4/8 CB,AC,-,-,18.6,-,"Cloudy, rain showers"
TABRIZ,03/11/2020,12Z,17.8,47%,1020.0 Hpa,090º (E ),10.8,7/8,4/8 CB,AC,-,-,-,-,"Cloudy, haze"
TABRIZ,03/11/2020,09Z,18.0,46%,1020.0 Hpa,060º (NE),14.4,6/8,2/8 SC,AC,-,-,-,-,Cloudy
TABRIZ,03/11/2020,06Z,12.0,77%,1023.1 Hpa,050º (NE),14.4,7/8,4/8 CB,AC,-,0.6(6h),-,-,"Cloudy, rain"
TABRIZ,03/11/2020,03Z,11.8,50%,1022.2 Hpa,calm.,,7/8,1/8 SC,AC,-,-,-,10.8,Cloudy
TABRIZ,03/11/2020,00Z,10.8,46%,1020.1 Hpa,050º (NE),10.8,6/8,1/8 SC,-,CI,-,-,-,Cloudy
TEHRAN-MEHRABAD,03/11/2020,21Z,15.6,33%,1018.5 Hpa,360º (N ),10.8,0/8,-,-,-,-,-,-,"Clear, haze"
TEHRAN-MEHRABAD,03/11/2020,18Z,16.2,29%,1019.2 Hpa,calm.,,0/8,-,-,-,-,-,-,"Clear, haze"
TEHRAN-MEHRABAD,03/11/2020,15Z,20.2,17%,1019.6 Hpa,calm.,,2/8,-,2/8 AC,-,-,24.8,-,"Few clouds, haze"
TEHRAN-MEHRABAD,03/11/2020,12Z,23.8,13%,1018.0 Hpa,140º (SE),14.4,2/8,-,1/8 AC,CI,-,-,-,"Few clouds, haze"
TEHRAN-MEHRABAD,03/11/2020,09Z,23.8,13%,1019.0 Hpa,180º (S ),7.2,3/8,-,2/8 AC,CI,-,-,-,"Scattered clouds, haze"
TEHRAN-MEHRABAD,03/11/2020,06Z,20.6,17%,1020.9 Hpa,calm.,,0/8,-,-,-,-,-,-,"Clear, haze"
TEHRAN-MEHRABAD,03/11/2020,03Z,13.6,35%,1020.3 Hpa,010º (N),7.2,0/8,-,-,-,-,-,13.0,"Clear, haze"
TEHRAN-MEHRABAD,03/11/2020,00Z,14.2,36%,1018.9 Hpa,calm.,,0/8,-,-,-,-,-,-,"Clear, haze"
TORBAT-HEYDARIEH,03/11/2020,21Z,9.0,30%,1019.5 Hpa,270º (W ),7.2,0/8,-,-,-,-,-,-,Clear
TORBAT-HEYDARIEH,03/11/2020,18Z,10.5,27%,1020.3 Hpa,310º (NW),7.2,1/8,-,-,CI,-,-,-,Few clouds
TORBAT-HEYDARIEH,03/11/2020,15Z,15.1,24%,1022.9 Hpa,calm.,,0/8,-,-,-,-,25.3,-,Clear
TORBAT-HEYDARIEH,03/11/2020,12Z,24.1,15%,1018.3 Hpa,calm.,,1/8,-,-,CI,-,-,-,Few clouds
TORBAT-HEYDARIEH,03/11/2020,09Z,24.3,15%,1018.9 Hpa,150º (SE),10.8,0/8,-,-,-,-,-,-,Clear
TORBAT-HEYDARIEH,03/11/2020,06Z,22.1,19%,1020.0 Hpa,calm.,,0/8,-,-,-,-,-,-,Clear
TORBAT-HEYDARIEH,03/11/2020,03Z,8.1,34%,1023.3 Hpa,310º (NW),7.2,0/8,-,-,-,-,-,7.7,Clear
TORBAT-HEYDARIEH,03/11/2020,00Z,9.0,33%,1020.0 Hpa,300º (NW),7.2,0/8,-,-,-,-,-,-,Clear
YASOGE,03/11/2020,21Z,8.6,20%,1019.0 Hpa,calm.,,0/8,-,-,-,-,-,-,Clear
YASOGE,03/11/2020,18Z,10.8,20%,1021.9 Hpa,calm.,,0/8,-,-,-,-,-,-,Clear
YASOGE,03/11/2020,15Z,15.4,16%,1022.1 Hpa,080º (E ),14.4,0/8,-,-,-,-,25.0,-,Clear
YASOGE,03/11/2020,12Z,24.2,4%,1017.9 Hpa,170º (S ),14.4,1/8,-,1/8 AC,-,-,-,-,Few clouds
YASOGE,03/11/2020,09Z,21.8,7%,1018.8 Hpa,calm.,,2/8,1/8 CU,-,CI,-,-,-,Few clouds
YASOGE,03/11/2020,06Z,11.2,21%,1023.8 Hpa,calm.,,2/8,-,-,CI,-,-,-,Few clouds
YASOGE,03/11/2020,03Z,3.8,24%,1024.7 Hpa,calm.,,0/8,-,-,-,-,-,3.0,Clear
YASOGE,03/11/2020,00Z,6.2,23%,1019.9 Hpa,calm.,,0/8,-,-,-,-,-,-,Clear
YAZD,03/11/2020,21Z,14.2,22%,1018.7 Hpa,150º (SE),7.2,0/8,-,-,-,-,-,-,Clear
YAZD,03/11/2020,18Z,15.1,18%,1020.2 Hpa,210º (SW),7.2,0/8,-,-,-,-,-,-,Clear
YAZD,03/11/2020,15Z,19.2,14%,1021.1 Hpa,200º (S ),3.6,1/8,1/8 SC,-,CI,-,28.5,-,"Few clouds, dust"
YAZD,03/11/2020,12Z,27.4,9%,1017.8 Hpa,350º (N ),3.6,1/8,1/8 CU,-,CI,-,-,-,Few clouds
YAZD,03/11/2020,09Z,25.1,12%,1018.7 Hpa,110º (E ),7.2,1/8,1/8 SC,-,CI,-,-,-,Few clouds
YAZD,03/11/2020,06Z,18.6,16%,1022.9 Hpa,130º (SE),7.2,0/8,-,-,-,-,-,-,Clear
YAZD,03/11/2020,03Z,8.8,26%,1023.2 Hpa,140º (SE),3.6,0/8,-,-,-,-,-,8.8,Clear
YAZD,03/11/2020,00Z,11.1,23%,1020.3 Hpa,180º (S ),7.2,0/8,-,-,-,-,-,-,Clear
ZABOL,03/11/2020,21Z,21.3,25%,1016.1 Hpa,330º (NW),28.8,0/8,-,-,-,-,-,-,Clear
ZABOL,03/11/2020,18Z,19.9,31%,1017.8 Hpa,330º (NW),21.6,0/8,-,-,-,-,-,-,Clear
ZABOL,03/11/2020,15Z,21.5,21%,1018.4 Hpa,360º (N ),14.4,0/8,-,-,-,-,30.2,-,Clear
ZABOL,03/11/2020,12Z,29.1,12%,1016.4 Hpa,060º (NE),10.8,0/8,-,-,-,-,-,-,Clear
ZABOL,03/11/2020,09Z,28.3,13%,1017.4 Hpa,350º (N ),18.0,0/8,-,-,-,-,-,-,Clear
ZABOL,03/11/2020,06Z,22.9,16%,1020.4 Hpa,010º (N),7.2,0/8,-,-,-,-,-,-,Clear
ZABOL,03/11/2020,03Z,9.8,23%,1021.5 Hpa,250º (W ),10.8,0/8,-,-,-,-,-,7.7,Clear
ZABOL,03/11/2020,00Z,8.5,26%,1019.9 Hpa,250º (W ),10.8,0/8,-,-,-,-,-,-,Clear
ZAHEDAN,03/11/2020,21Z,6.9,29%,1019.2 Hpa,190º (S ),7.2,0/8,-,-,-,-,-,-,Clear
ZAHEDAN,03/11/2020,18Z,9.2,21%,1020.0 Hpa,190º (S ),7.2,0/8,-,-,-,-,-,-,Clear
ZAHEDAN,03/11/2020,15Z,16.1,19%,1022.0 Hpa,300º (NW),7.2,0/8,-,-,-,-,25.1,-,Clear
ZAHEDAN,03/11/2020,12Z,24.7,10%,1018.6 Hpa,020º (N),10.8,0/8,-,-,-,-,-,-,Clear
ZAHEDAN,03/11/2020,09Z,24.7,9%,1018.9 Hpa,050º (NE),14.4,0/8,-,-,-,-,-,-,Clear
ZAHEDAN,03/11/2020,06Z,21.7,9%,1021.5 Hpa,340º (N ),7.2,0/8,-,-,-,-,-,-,Clear
ZAHEDAN,03/11/2020,03Z,4.6,17%,1024.1 Hpa,250º (W ),7.2,0/8,-,-,-,-,-,2.2,Clear
ZAHEDAN,03/11/2020,00Z,3.0,18%,1020.9 Hpa,190º (S ),10.8,0/8,-,-,-,-,-,-,Clear
ZANJAN,03/11/2020,21Z,13.2,54%,1017.5 Hpa,290º (W ),10.8,8/8,4/8 CB,AC,CI,-,-,-,Overcast
ZANJAN,03/11/2020,18Z,12.8,44%,1018.3 Hpa,calm.,,6/8,4/8 CB,AC,-,Tr(6h),-,-,Cloudy
ZANJAN,03/11/2020,15Z,17.2,36%,1019.9 Hpa,180º (S ),3.6,7/8,4/8 CB,AC,-,-,23.1,-,"Cloudy, rain showers"
ZANJAN,03/11/2020,12Z,19.9,23%,1018.2 Hpa,260º (W ),3.6,7/8,3/8 CU,AC,-,-,-,-,Cloudy
ZANJAN,03/11/2020,09Z,22.5,19%,1017.5 Hpa,060º (NE),3.6,5/8,1/8 SC,AC,CC,-,-,-,Cloudy
ZANJAN,03/11/2020,06Z,16.8,25%,1020.8 Hpa,090º (E ),7.2,3/8,1/8 SC,AC,CI,-,-,-,Scattered clouds
ZANJAN,03/11/2020,03Z,8.4,40%,1021.9 Hpa,110º (E ),3.6,4/8,2/8 CU,AC,-,-,-,6.5,Scattered clouds
ZANJAN,03/11/2020,00Z,8.3,40%,1019.7 Hpa,120º (SE),3.6,0/8,-,-,-,-,-,-,Clear
