Station ∆,Date,UTC time,Temp. (ºC),Rel. Hum. (%),Pressure/ Geopot.,Wind dir,Wins speed (Km/h),Clouds,Low clouds,Medium clouds,High clouds,Prec. (mm),Max temp. (ºC),Min temp. (ºC),Conditions
ABADAN,14/01/2021,21Z,14.7,77%,1014.5 Hpa,130º (SE),14.4,3/8,-,3/8 AC,-,-,-,-,Scattered clouds
ABADAN,14/01/2021,18Z,14.6,74%,1015.0 Hpa,130º (SE),14.4,4/8,-,4/8 AC,-,-,-,-,Scattered clouds
ABADAN,14/01/2021,15Z,16.2,45%,1015.4 Hpa,150º (SE),7.2,5/8,2/8 SC,AC,-,-,21.4,-,Cloudy
ABADAN,14/01/2021,12Z,19.9,33%,1015.0 Hpa,150º (SE),10.8,5/8,2/8 SC,AC,-,-,-,-,Cloudy
ABADAN,14/01/2021,09Z,20.4,34%,1017.0 Hpa,170º (S ),10.8,4/8,-,4/8 AC,-,-,-,-,"Scattered clouds, haze"
ABADAN,14/01/2021,06Z,11.4,71%,1018.6 Hpa,calm.,,4/8,-,4/8 AC,-,-,-,-,"Scattered clouds, haze"
ABADAN,14/01/2021,03Z,8.0,84%,1018.1 Hpa,150º (SE),3.6,0/8,-,-,-,-,-,7.3,"Clear, mist"
ABADAN,14/01/2021,00Z,9.2,81%,1018.5 Hpa,150º (SE),3.6,0/8,-,-,-,-,-,-,"Clear, mist"
ABADEH,14/01/2021,21Z,1.2,25%,1015.8 Hpa,340º (N ),10.8,0/8,-,-,-,-,-,-,Clear
ABADEH,14/01/2021,18Z,1.5,26%,1020.3 Hpa,330º (NW),3.6,3/8,-,-,CI,-,-,-,Scattered clouds
ABADEH,14/01/2021,15Z,7.1,15%,1022.5 Hpa,140º (SE),3.6,4/8,-,-,CI,-,16.1,-,Scattered clouds
ABADEH,14/01/2021,12Z,15.2,7%,1016.4 Hpa,110º (E ),7.2,4/8,-,-,CI,-,-,-,Scattered clouds
ABADEH,14/01/2021,09Z,14.0,8%,1018.4 Hpa,100º (E ),3.6,0/8,-,-,-,-,-,-,Clear
ABADEH,14/01/2021,06Z,3.5,20%,1026.1 Hpa,350º (N ),7.2,0/8,-,-,-,-,-,-,Clear
ABADEH,14/01/2021,03Z,-7.4,40%,1027.5 Hpa,340º (N ),10.8,0/8,-,-,-,-,-,-7.7,Clear
ABADEH,14/01/2021,00Z,-5.9,35%,1023.5 Hpa,330º (NW),10.8,0/8,-,-,-,-,-,-,Clear
ABU MUSA,14/01/2021,15Z,21.6,62%,1014.2 Hpa,300º (NW),14.4,0/8,-,-,-,-,24.6,-,"Clear, haze"
ABU MUSA,14/01/2021,12Z,23.8,144%,1014.1 Hpa,280º (W ),18.0,2/8,2/8 SC,-,-,-,-,-,"Few clouds, haze"
ABU MUSA,14/01/2021,09Z,24.2,54%,1015.4 Hpa,260º (W ),14.4,2/8,2/8 SC,-,-,-,-,-,"Few clouds, haze"
ABU MUSA,14/01/2021,06Z,23.4,147%,1017.7 Hpa,250º (W ),10.8,1/8,1/8 SC,-,-,-,-,-,"Few clouds, haze"
ABU MUSA,14/01/2021,03Z,20.6,57%,1016.3 Hpa,290º (W ),7.2,1/8,-,1/8 AC,-,-,-,20.4,Few clouds
AHAR,14/01/2021,21Z,6.9,45%,1008.2 Hpa,270º (W ),32.4,6/8,4/8 CB,AC,-,-,-,-,Cloudy
AHAR,14/01/2021,18Z,9.0,31%,1007.5 Hpa,230º (SW),28.8,6/8,4/8 CB,AC,-,-,-,-,Cloudy
AHAR,14/01/2021,15Z,8.6,36%,1008.3 Hpa,220º (SW),21.6,6/8,1/8 SC,AC,CI,-,12.3,-,Cloudy
AHAR,14/01/2021,12Z,11.9,25%,1006.2 Hpa,200º (S ),28.8,6/8,-,2/8 AC,CI,-,-,-,Cloudy
AHAR,14/01/2021,09Z,10.3,31%,1008.3 Hpa,260º (W ),25.2,7/8,1/8 SC,AC,CI,-,-,-,Cloudy
AHAR,14/01/2021,06Z,9.8,42%,1010.2 Hpa,190º (S ),21.6,6/8,1/8 SC,AC,CI,-,-,-,Cloudy
AHAR,14/01/2021,03Z,7.2,55%,1011.0 Hpa,190º (S ),28.8,4/8,-,3/8 AC,CI,-,-,6.7,Scattered clouds
AHAR,14/01/2021,00Z,8.4,51%,1009.8 Hpa,210º (SW),32.4,7/8,-,3/8 AC,CI,-,-,-,Cloudy
AHWAZ,14/01/2021,21Z,11.0,75%,1014.4 Hpa,090º (E ),3.6,6/8,2/8 SC,AC,-,-,-,-,"Cloudy, haze"
AHWAZ,14/01/2021,18Z,14.2,58%,1014.4 Hpa,140º (SE),3.6,7/8,3/8 SC,AC,-,-,-,-,"Cloudy, haze"
AHWAZ,14/01/2021,15Z,16.0,46%,1014.3 Hpa,190º (S ),3.6,7/8,3/8 SC,AC,-,-,21.6,-,"Cloudy, haze"
AHWAZ,14/01/2021,12Z,19.8,42%,1013.9 Hpa,120º (SE),7.2,6/8,3/8 SC,AC,-,-,-,-,"Cloudy, haze"
AHWAZ,14/01/2021,09Z,19.1,47%,1016.9 Hpa,100º (E ),3.6,6/8,-,3/8 AC,CS,-,-,-,"Cloudy, haze"
AHWAZ,14/01/2021,06Z,12.4,74%,1018.1 Hpa,090º (E ),3.6,4/8,-,2/8 AC,CI,-,-,-,"Scattered clouds, haze"
AHWAZ,14/01/2021,03Z,6.4,87%,1017.3 Hpa,090º (E ),3.6,5/8,-,-,CI,-,-,5.9,"Cloudy, mist"
AHWAZ,14/01/2021,00Z,6.9,85%,1017.7 Hpa,calm.,,8/8,-,-,CS,-,-,-,"Overcast, mist"
ALI-GOODARZ,14/01/2021,21Z,7.5,14%,1011.6 Hpa,190º (S ),32.4,6/8,-,3/8 AC,CI,-,-,-,Cloudy
ALI-GOODARZ,14/01/2021,18Z,7.5,15%,1013.3 Hpa,150º (SE),25.2,6/8,-,3/8 AC,CI,-,-,-,Cloudy
ALI-GOODARZ,14/01/2021,15Z,8.0,17%,1013.9 Hpa,180º (S ),18.0,7/8,1/8 SC,AC,CI,-,13.2,-,Cloudy
ALI-GOODARZ,14/01/2021,12Z,12.4,12%,1012.6 Hpa,150º (SE),21.6,7/8,2/8 SC,AC,CI,-,-,-,Cloudy
ALI-GOODARZ,14/01/2021,09Z,11.4,11%,1015.7 Hpa,180º (S ),28.8,7/8,2/8 SC,AC,-,-,-,-,Cloudy
ALI-GOODARZ,14/01/2021,06Z,6.6,21%,1018.2 Hpa,120º (SE),36.0,5/8,-,3/8 AC,CI,-,-,-,Cloudy
ALI-GOODARZ,14/01/2021,03Z,4.1,27%,1018.0 Hpa,150º (SE),28.8,0/8,-,-,-,-,-,-0.4,Clear
ALI-GOODARZ,14/01/2021,00Z,2.0,33%,1016.9 Hpa,140º (SE),21.6,0/8,-,-,-,-,-,-,Clear
ANZALI,14/01/2021,21Z,11.3,94%,1006.0 Hpa,300º (NW),14.4,5/8,-,-,CI,-,-,-,Cloudy
ANZALI,14/01/2021,18Z,20.9,22%,1004.3 Hpa,180º (S ),14.4,5/8,-,-,CI,-,-,41.9,Cloudy
ANZALI,14/01/2021,15Z,22.5,18%,1003.9 Hpa,180º (S ),14.4,7/8,3/8 SC,-,CI,-,23.9,-,Cloudy
ANZALI,14/01/2021,12Z,23.6,145%,1002.8 Hpa,160º (S ),18.0,7/8,2/8 SC,AC,CI,-,-,-,Cloudy
ANZALI,14/01/2021,09Z,23.2,20%,1005.0 Hpa,190º (S ),14.4,7/8,1/8 CB,AC,CI,-,-,-,Cloudy
ANZALI,14/01/2021,06Z,19.6,185%,1007.8 Hpa,210º (SW),10.8,6/8,1/8 CB,AC,CI,-,-,-,Cloudy
ANZALI,14/01/2021,03Z,9.4,96%,1007.4 Hpa,250º (W ),7.2,6/8,6/8 ST,-,-,-,-,7.9,"Cloudy, mist"
ANZALI,14/01/2021,00Z,9.5,98%,1009.0 Hpa,290º (W ),7.2,5/8,5/8 ST,-,-,-,-,-,Cloudy
ARAK,14/01/2021,21Z,6.4,23%,1012.7 Hpa,210º (SW),7.2,0/8,-,-,-,-,-,-,Clear
ARAK,14/01/2021,18Z,8.0,24%,1014.7 Hpa,180º (S ),10.8,1/8,-,-,CI,-,-,-,Few clouds
ARAK,14/01/2021,15Z,11.2,12%,1013.8 Hpa,200º (S ),7.2,5/8,-,-,CI,-,16.6,-,"Cloudy, haze"
ARAK,14/01/2021,12Z,15.0,10%,1012.3 Hpa,090º (E ),7.2,6/8,-,2/8 AC,CI,-,-,-,"Cloudy, haze"
ARAK,14/01/2021,09Z,9.4,18%,1016.7 Hpa,060º (NE),3.6,6/8,-,3/8 AC,CI,-,-,-,"Cloudy, haze"
ARAK,14/01/2021,06Z,2.0,45%,1020.7 Hpa,calm.,,6/8,-,2/8 AC,CI,-,-,-,"Cloudy, haze"
ARAK,14/01/2021,03Z,0.0,48%,1019.1 Hpa,150º (SE),7.2,7/8,-,7/8 AC,-,-,-,-2.2,"Cloudy, haze"
ARAK,14/01/2021,00Z,-1.8,56%,1018.6 Hpa,180º (S ),7.2,0/8,-,-,-,-,-,-,"Clear, haze"
ARDEBIL,14/01/2021,21Z,6.8,55%,1005.0 Hpa,150º (SE),32.4,1/8,-,1/8 AC,-,-,-,-,Few clouds
ARDEBIL,14/01/2021,18Z,8.0,46%,1005.4 Hpa,210º (SW),28.8,3/8,-,1/8 AC,CI,-,-,-,Scattered clouds
ARDEBIL,14/01/2021,15Z,7.8,52%,1006.2 Hpa,210º (SW),21.6,6/8,-,3/8 AC,CC,-,13.0,-,Cloudy
ARDEBIL,14/01/2021,12Z,12.4,40%,1003.9 Hpa,210º (SW),43.2,6/8,-,3/8 AC,CC,-,-,-,Cloudy
ARDEBIL,14/01/2021,09Z,11.0,49%,1005.7 Hpa,210º (SW),46.8,7/8,-,3/8 AC,CI,-,-,-,Cloudy
ARDEBIL,14/01/2021,06Z,9.8,53%,1009.3 Hpa,210º (SW),39.6,5/8,-,2/8 AC,CI,-,-,-,Cloudy
ARDEBIL,14/01/2021,03Z,7.0,65%,1010.9 Hpa,180º (S ),25.2,6/8,-,3/8 AC,CI,-,-,6.4,Cloudy
ARDEBIL,14/01/2021,00Z,9.0,63%,1008.3 Hpa,180º (S ),36.0,6/8,-,3/8 AC,CI,-,-,-,Cloudy
BABULSAR,14/01/2021,21Z,12.2,94%,1003.9 Hpa,calm.,,6/8,-,2/8 AC,CI,-,-,-,Cloudy
BABULSAR,14/01/2021,18Z,12.6,88%,1003.6 Hpa,calm.,,7/8,-,3/8 AC,CI,-,-,-,Cloudy
BABULSAR,14/01/2021,15Z,13.4,88%,1004.9 Hpa,calm.,,7/8,-,4/8 AC,CI,-,17.8,-,Cloudy
BABULSAR,14/01/2021,12Z,15.2,78%,1005.7 Hpa,160º (S ),7.2,7/8,-,5/8 AC,CI,-,-,-,Cloudy
BABULSAR,14/01/2021,09Z,14.8,75%,1007.1 Hpa,270º (W ),21.6,7/8,-,3/8 AC,CI,-,-,-,Cloudy
BABULSAR,14/01/2021,06Z,12.6,69%,1008.2 Hpa,calm.,,6/8,-,-,CI,-,-,-,Cloudy
BABULSAR,14/01/2021,03Z,7.4,84%,1008.0 Hpa,calm.,,0/8,-,-,-,-,-,7.4,Clear
BABULSAR,14/01/2021,00Z,7.6,88%,1008.8 Hpa,calm.,,0/8,-,-,-,-,-,-,Clear
BAFT,14/01/2021,21Z,3.0,23%,1016.1 Hpa,calm.,,0/8,-,-,-,-,-,-,Clear
BAFT,14/01/2021,18Z,4.0,22%,1016.3 Hpa,calm.,,0/8,-,-,-,-,-,-,Clear
BAFT,14/01/2021,15Z,9.6,12%,1016.7 Hpa,300º (NW),10.8,0/8,-,-,-,-,14.8,-,Clear
BAFT,14/01/2021,12Z,13.8,8%,1013.2 Hpa,300º (NW),21.6,0/8,-,-,-,-,-,-,Clear
BAFT,14/01/2021,09Z,13.6,10%,1016.0 Hpa,300º (NW),10.8,0/8,-,-,-,-,-,-,Clear
BAFT,14/01/2021,06Z,9.0,13%,1019.6 Hpa,calm.,,0/8,-,-,-,-,-,-,Clear
BAFT,14/01/2021,03Z,1.2,17%,1019.6 Hpa,040º (NE),7.2,1/8,1/8 SC,-,-,-,-,0.8,Few clouds
BAFT,14/01/2021,00Z,2.8,17%,1016.2 Hpa,calm.,,0/8,-,-,-,-,-,-,Clear
BAM,14/01/2021,21Z,9.3,13%,1015.4 Hpa,270º (W ),14.4,0/8,-,-,-,-,-,-,Clear
BAM,14/01/2021,18Z,8.5,11%,1016.9 Hpa,270º (W ),7.2,0/8,-,-,-,-,-,-,Clear
BAM,14/01/2021,15Z,11.1,13%,1017.7 Hpa,calm.,,0/8,-,-,-,-,19.0,-,Clear
BAM,14/01/2021,12Z,18.4,5%,1015.1 Hpa,050º (NE),7.2,0/8,-,-,-,-,-,-,Clear
BAM,14/01/2021,09Z,18.0,5%,1016.5 Hpa,040º (NE),7.2,0/8,-,-,-,-,-,-,Clear
BAM,14/01/2021,06Z,16.0,7%,1019.9 Hpa,calm.,,3/8,-,3/8 AC,-,-,-,-,Scattered clouds
BAM,14/01/2021,03Z,6.9,10%,1020.2 Hpa,270º (W ),7.2,3/8,3/8 SC,-,-,-,-,6.3,Scattered clouds
BAM,14/01/2021,00Z,7.8,9%,1018.3 Hpa,270º (W ),7.2,0/8,-,-,-,-,-,-,Clear
BANDAR LENGEH,14/01/2021,21Z,15.4,77%,1014.6 Hpa,350º (N ),7.2,0/8,-,-,-,-,-,-,"Clear, haze"
BANDAR LENGEH,14/01/2021,18Z,16.6,71%,1015.2 Hpa,290º (W ),7.2,0/8,-,-,-,-,-,-,"Clear, haze"
BANDAR LENGEH,14/01/2021,15Z,20.3,67%,1014.7 Hpa,270º (W ),10.8,0/8,-,-,-,-,24.2,-,"Clear, haze"
BANDAR LENGEH,14/01/2021,12Z,23.6,48%,1014.0 Hpa,280º (W ),18.0,0/8,-,-,-,-,-,-,"Clear, haze"
BANDAR LENGEH,14/01/2021,09Z,22.7,58%,1015.6 Hpa,190º (S ),10.8,0/8,-,-,-,-,-,-,"Clear, haze"
BANDAR LENGEH,14/01/2021,06Z,20.0,42%,1018.3 Hpa,080º (E ),7.2,0/8,-,-,-,-,-,-,Clear
BANDAR LENGEH,14/01/2021,03Z,13.9,59%,1016.8 Hpa,010º (N),7.2,0/8,-,-,-,-,-,10.7,Clear
BANDAR LENGEH,14/01/2021,00Z,14.4,58%,1016.4 Hpa,340º (N ),7.2,0/8,-,-,-,-,-,-,Clear
BANDAR-E-DAYYER,14/01/2021,21Z,16.4,68%,1015.5 Hpa,350º (N ),7.2,0/8,-,-,-,-,-,-,Clear
BANDAR-E-DAYYER,14/01/2021,18Z,18.1,68%,1016.2 Hpa,020º (N),7.2,0/8,-,-,-,-,-,-,Clear
BANDAR-E-DAYYER,14/01/2021,15Z,19.6,64%,1015.4 Hpa,calm.,,2/8,-,-,CI,-,24.0,-,Few clouds
BANDAR-E-DAYYER,14/01/2021,12Z,23.7,145%,1015.1 Hpa,220º (SW),10.8,2/8,-,-,CI,-,-,-,Few clouds
BANDAR-E-DAYYER,14/01/2021,09Z,22.5,46%,1016.4 Hpa,200º (S ),7.2,0/8,-,-,-,-,-,-,Clear
BANDAR-E-DAYYER,14/01/2021,06Z,20.8,173%,1018.5 Hpa,340º (N ),3.6,0/8,-,-,-,-,-,-,Clear
BANDAR-E-DAYYER,14/01/2021,03Z,13.8,41%,1017.6 Hpa,290º (W ),3.6,0/8,-,-,-,-,-,11.4,Clear
BANDAR-E-DAYYER,14/01/2021,00Z,15.1,53%,1017.3 Hpa,350º (N ),10.8,0/8,-,-,-,-,-,-,Clear
BANDARABBASS,14/01/2021,21Z,11.9,68%,1015.0 Hpa,Vble.,,1/8,1/8 ST,-,-,-,-,-,Few clouds
BANDARABBASS,14/01/2021,18Z,17.3,67%,1014.9 Hpa,Vble.,,0/8,-,-,-,-,-,-,Clear
BANDARABBASS,14/01/2021,15Z,20.7,51%,1013.7 Hpa,260º (W ),14.4,0/8,-,-,-,-,24.8,-,Clear
BANDARABBASS,14/01/2021,12Z,24.2,13%,1013.2 Hpa,250º (W ),21.6,0/8,-,-,-,-,-,-,Clear
BANDARABBASS,14/01/2021,09Z,23.4,29%,1014.9 Hpa,190º (S ),10.8,0/8,-,-,-,-,-,-,Clear
BANDARABBASS,14/01/2021,06Z,19.1,31%,1018.3 Hpa,050º (NE),7.2,0/8,-,-,-,-,-,-,Clear
BANDARABBASS,14/01/2021,03Z,5.0,57%,1016.8 Hpa,020º (N),7.2,1/8,-,1/8 AC,-,-,-,4.8,Few clouds
BANDARABBASS,14/01/2021,00Z,6.5,56%,1016.3 Hpa,Vble.,,0/8,-,-,-,-,-,-,Clear
BIRJAND,14/01/2021,21Z,-2.3,14%,1018.0 Hpa,120º (SE),10.8,0/8,-,-,-,-,-,-,Clear
BIRJAND,14/01/2021,18Z,-1.1,12%,1020.0 Hpa,110º (E ),7.2,0/8,-,-,-,-,-,-,Clear
BIRJAND,14/01/2021,15Z,4.9,7%,1021.1 Hpa,calm.,,0/8,-,-,-,-,17.3,-,Clear
BIRJAND,14/01/2021,12Z,16.6,1%,1016.3 Hpa,300º (NW),18.0,0/8,-,-,-,-,-,-,Clear
BIRJAND,14/01/2021,09Z,16.3,2%,1017.9 Hpa,280º (W ),18.0,1/8,1/8 SC,AC,-,-,-,-,Few clouds
BIRJAND,14/01/2021,06Z,11.8,5%,1021.6 Hpa,100º (E ),7.2,3/8,1/8 SC,AC,-,-,-,-,Scattered clouds
BIRJAND,14/01/2021,03Z,-1.8,17%,1023.3 Hpa,100º (E ),10.8,4/8,2/8 SC,AC,-,-,-,-3.1,Scattered clouds
BIRJAND,14/01/2021,00Z,-0.6,14%,1019.3 Hpa,130º (SE),14.4,0/8,-,-,-,-,-,-,Clear
BOJNOURD,14/01/2021,21Z,4.5,28%,1013.2 Hpa,310º (NW),14.4,5/8,-,-,CI,-,-,-,Cloudy
BOJNOURD,14/01/2021,18Z,5.8,28%,1015.3 Hpa,330º (NW),14.4,0/8,-,-,-,-,-,-,Clear
BOJNOURD,14/01/2021,15Z,8.0,37%,1016.4 Hpa,310º (NW),10.8,0/8,-,-,-,-,20.0,-,Clear
BOJNOURD,14/01/2021,12Z,18.6,5%,1012.6 Hpa,270º (W ),7.2,0/8,-,-,-,-,-,-,Clear
BOJNOURD,14/01/2021,09Z,15.1,15%,1014.5 Hpa,330º (NW),7.2,0/8,-,-,-,-,-,-,Clear
BOJNOURD,14/01/2021,06Z,6.0,44%,1019.4 Hpa,Vble.,,0/8,-,-,-,-,-,-,Clear
BOJNOURD,14/01/2021,03Z,-2.7,74%,1020.6 Hpa,Vble.,,0/8,-,-,-,-,-,-4.8,Clear
BOJNOURD,14/01/2021,00Z,-0.2,57%,1018.6 Hpa,calm.,,0/8,-,-,-,-,-,-,Clear
BUSHEHR (AIRPORT),14/01/2021,21Z,14.2,90%,1015.5 Hpa,calm.,,0/8,-,-,-,-,-,-,"Clear, mist"
BUSHEHR (AIRPORT),14/01/2021,18Z,15.2,91%,1015.7 Hpa,030º (NE),7.2,4/8,-,-,CI,-,-,-,"Scattered clouds, mist"
BUSHEHR (AIRPORT),14/01/2021,15Z,17.4,77%,1015.4 Hpa,320º (NW),7.2,5/8,-,-,CI,-,19.6,-,Cloudy
BUSHEHR (AIRPORT),14/01/2021,12Z,19.6,58%,1015.2 Hpa,310º (NW),14.4,4/8,-,-,CI,-,-,-,Scattered clouds
BUSHEHR (AIRPORT),14/01/2021,09Z,17.8,70%,1016.0 Hpa,030º (NE),14.4,6/8,-,-,CI,-,-,-,"Cloudy, haze"
BUSHEHR (AIRPORT),14/01/2021,06Z,15.0,67%,1018.5 Hpa,calm.,,4/8,-,-,CI,-,-,-,"Scattered clouds, haze"
BUSHEHR (AIRPORT),14/01/2021,03Z,10.6,87%,1017.4 Hpa,100º (E ),10.8,0/8,-,-,-,-,-,9.6,"Clear, mist"
BUSHEHR (AIRPORT),14/01/2021,00Z,9.8,94%,1017.2 Hpa,calm.,,0/8,-,-,-,-,-,-,"Clear, mist"
CHAHBAHAR,14/01/2021,21Z,16.6,77%,1013.4 Hpa,calm.,,0/8,-,-,-,-,-,-,Clear
CHAHBAHAR,14/01/2021,18Z,19.7,73%,1013.9 Hpa,360º (N ),7.2,0/8,-,-,-,-,-,-,Clear
CHAHBAHAR,14/01/2021,15Z,21.4,1865%,1013.3 Hpa,240º (SW),10.8,0/8,-,-,-,-,24.8,-,Clear
CHAHBAHAR,14/01/2021,12Z,24.2,49%,1012.3 Hpa,230º (SW),14.4,0/8,-,-,-,-,-,-,Clear
CHAHBAHAR,14/01/2021,09Z,23.6,1632%,1013.7 Hpa,240º (SW),10.8,0/8,-,-,-,-,-,-,Clear
CHAHBAHAR,14/01/2021,06Z,22.9,44%,1016.8 Hpa,calm.,,0/8,-,-,-,-,-,-,Clear
CHAHBAHAR,14/01/2021,03Z,13.2,40%,1015.4 Hpa,calm.,,1/8,-,1/8 AC,-,-,-,13.0,Few clouds
CHAHBAHAR,14/01/2021,00Z,15.2,60%,1014.5 Hpa,140º (SE),7.2,0/8,-,-,-,-,-,-,Clear
ESFAHAN,14/01/2021,21Z,0.2,54%,1017.9 Hpa,calm.,,3/8,-,-,CI,-,-,-,"Scattered clouds, haze"
ESFAHAN,14/01/2021,18Z,0.8,50%,1021.1 Hpa,calm.,,3/8,-,-,CI,-,-,-,"Scattered clouds, haze"
ESFAHAN,14/01/2021,15Z,5.3,40%,1021.6 Hpa,220º (SW),3.6,4/8,-,-,CI,-,13.2,-,"Scattered clouds, haze"
ESFAHAN,14/01/2021,12Z,11.0,24%,1019.5 Hpa,130º (SE),3.6,6/8,-,-,CI,-,-,-,"Cloudy, haze"
ESFAHAN,14/01/2021,09Z,11.2,23%,1021.9 Hpa,calm.,,3/8,-,-,CI,-,-,-,"Scattered clouds, haze"
ESFAHAN,14/01/2021,06Z,3.4,41%,1026.5 Hpa,calm.,,6/8,-,-,CI,-,-,-,"Cloudy, haze"
ESFAHAN,14/01/2021,03Z,-5.0,65%,1026.9 Hpa,calm.,,0/8,-,-,-,-,-,-5.6,"Clear, haze"
ESFAHAN,14/01/2021,00Z,-5.3,64%,1023.7 Hpa,340º (N ),3.6,0/8,-,-,-,-,-,-,"Clear, haze"
FASA,14/01/2021,21Z,5.2,35%,1014.0 Hpa,330º (NW),7.2,0/8,-,-,-,-,-,-,Clear
FASA,14/01/2021,18Z,5.0,38%,1016.5 Hpa,310º (NW),7.2,2/8,-,-,CI,-,-,-,Few clouds
FASA,14/01/2021,15Z,10.6,23%,1016.7 Hpa,010º (N),7.2,3/8,-,-,CI,-,20.8,-,Scattered clouds
FASA,14/01/2021,12Z,19.4,6%,1012.5 Hpa,190º (S ),14.4,2/8,-,-,CI,-,-,-,Few clouds
FASA,14/01/2021,09Z,18.4,9%,1014.4 Hpa,calm.,,0/8,-,-,-,-,-,-,Clear
FASA,14/01/2021,06Z,9.2,21%,1019.8 Hpa,calm.,,0/8,-,-,-,-,-,-,Clear
FASA,14/01/2021,03Z,-1.2,43%,1019.2 Hpa,340º (N ),7.2,0/8,-,-,-,-,-,-1.4,Clear
FASA,14/01/2021,00Z,0.0,39%,1016.6 Hpa,340º (N ),7.2,0/8,-,-,-,-,-,-,Clear
FERDOUS,14/01/2021,21Z,4.6,7%,1015.7 Hpa,050º (NE),10.8,0/8,-,-,-,-,-,-,Clear
FERDOUS,14/01/2021,18Z,4.4,8%,1018.1 Hpa,060º (NE),14.4,0/8,-,-,-,-,-,-,Clear
FERDOUS,14/01/2021,15Z,8.3,9%,1019.3 Hpa,120º (SE),7.2,0/8,-,-,-,-,18.8,-,Clear
FERDOUS,14/01/2021,12Z,18.0,1%,1016.4 Hpa,150º (SE),10.8,0/8,-,-,-,-,-,-,Clear
FERDOUS,14/01/2021,09Z,16.9,2%,1017.4 Hpa,140º (SE),7.2,1/8,-,-,CI,-,-,-,Few clouds
FERDOUS,14/01/2021,06Z,9.2,8%,1021.9 Hpa,080º (E ),7.2,1/8,-,-,CI,-,-,-,Few clouds
FERDOUS,14/01/2021,03Z,0.8,9%,1021.5 Hpa,060º (NE),10.8,1/8,-,-,CI,-,-,-2.2,Few clouds
FERDOUS,14/01/2021,00Z,-1.7,15%,1020.5 Hpa,090º (E ),10.8,0/8,-,-,-,-,-,-,Clear
GACH SARAN DU GUNBADAN,14/01/2021,21Z,8.2,70%,1017.8 Hpa,calm.,,0/8,-,-,-,-,-,-,Clear
GACH SARAN DU GUNBADAN,14/01/2021,18Z,9.0,71%,1018.4 Hpa,calm.,,0/8,-,-,-,-,-,-,Clear
GACH SARAN DU GUNBADAN,14/01/2021,15Z,13.8,56%,1017.8 Hpa,calm.,,2/8,-,-,CI,-,21.2,-,Few clouds
GACH SARAN DU GUNBADAN,14/01/2021,12Z,20.6,24%,1016.0 Hpa,210º (SW),7.2,3/8,-,-,CI,-,-,-,Scattered clouds
GACH SARAN DU GUNBADAN,14/01/2021,09Z,18.2,23%,1017.4 Hpa,130º (SE),7.2,4/8,-,-,CI,-,-,-,Scattered clouds
GACH SARAN DU GUNBADAN,14/01/2021,06Z,10.6,52%,1020.4 Hpa,calm.,,4/8,-,-,CI,-,-,-,Scattered clouds
GACH SARAN DU GUNBADAN,14/01/2021,03Z,2.0,89%,1019.9 Hpa,100º (E ),7.2,0/8,-,-,-,-,-,1.6,Clear
GACH SARAN DU GUNBADAN,14/01/2021,00Z,3.0,89%,1020.3 Hpa,calm.,,0/8,-,-,-,-,-,-,Clear
GHARAKHIL,14/01/2021,21Z,9.0,89%,1004.8 Hpa,calm.,,7/8,3/8 SC,AC,-,-,-,-,Cloudy
GHARAKHIL,14/01/2021,18Z,10.4,89%,1004.8 Hpa,calm.,,7/8,3/8 SC,AC,-,-,-,-,Cloudy
GHARAKHIL,14/01/2021,15Z,13.0,88%,1004.6 Hpa,calm.,,7/8,3/8 SC,AC,-,-,23.4,-,Cloudy
GHARAKHIL,14/01/2021,12Z,18.4,60%,1005.0 Hpa,calm.,,8/8,-,4/8 AC,CS,-,-,-,Overcast
GHARAKHIL,14/01/2021,09Z,15.6,66%,1006.3 Hpa,300º (NW),18.0,7/8,-,-,CI,-,-,-,Cloudy
GHARAKHIL,14/01/2021,06Z,12.2,76%,1007.4 Hpa,calm.,,7/8,-,-,CS,-,-,-,Cloudy
GHARAKHIL,14/01/2021,03Z,2.8,82%,1008.3 Hpa,calm.,,0/8,-,-,-,-,-,2.8,Clear
GHARAKHIL,14/01/2021,00Z,4.6,89%,1009.2 Hpa,calm.,,0/8,-,-,-,-,-,-,Clear
GHAZVIN,14/01/2021,21Z,4.5,50%,1014.0 Hpa,130º (SE),18.0,8/8,-,8/8 AC,,-,-,-,Overcast
GHAZVIN,14/01/2021,18Z,4.8,51%,1015.9 Hpa,090º (E ),14.4,7/8,-,7/8 AC,-,-,-,-,"Cloudy, haze"
GHAZVIN,14/01/2021,15Z,6.0,45%,1015.8 Hpa,080º (E ),10.8,7/8,-,5/8 AC,CI,-,10.7,-,"Cloudy, haze"
GHAZVIN,14/01/2021,12Z,9.7,34%,1013.6 Hpa,120º (SE),25.2,7/8,-,4/8 AC,CI,-,-,-,"Cloudy, haze"
GHAZVIN,14/01/2021,09Z,8.6,38%,1017.2 Hpa,150º (SE),10.8,7/8,-,1/8 AC,CI,-,-,-,"Cloudy, haze"
GHAZVIN,14/01/2021,06Z,4.0,58%,1020.5 Hpa,calm.,,5/8,-,1/8 AC,CI,-,-,-,"Cloudy, haze"
GHAZVIN,14/01/2021,03Z,1.1,71%,1019.7 Hpa,090º (E ),10.8,7/8,-,7/8 AC,-,-,-,-0.8,"Cloudy, haze"
GHAZVIN,14/01/2021,00Z,1.6,66%,1018.8 Hpa,100º (E ),7.2,2/8,-,-,CI,-,-,-,"Few clouds, haze"
GHUCHAN,14/01/2021,21Z,-0.6,66%,1014.6 Hpa,060º (NE),7.2,0/8,-,-,-,-,-,-,Clear
GHUCHAN,14/01/2021,18Z,1.3,56%,1017.2 Hpa,calm.,,0/8,-,-,-,-,-,-,Clear
GHUCHAN,14/01/2021,15Z,5.1,47%,1018.6 Hpa,calm.,,0/8,-,-,-,-,16.9,-,Clear
GHUCHAN,14/01/2021,12Z,15.6,22%,1016.0 Hpa,250º (W ),14.4,0/8,-,-,-,-,-,-,Clear
GHUCHAN,14/01/2021,09Z,16.5,21%,1016.0 Hpa,calm.,,0/8,-,-,-,-,-,-,Clear
GHUCHAN,14/01/2021,06Z,6.2,51%,1021.2 Hpa,090º (E ),10.8,0/8,-,-,-,-,-,-,Clear
GHUCHAN,14/01/2021,03Z,-1.4,68%,1022.3 Hpa,150º (SE),7.2,0/8,-,-,-,-,-,-1.8,Clear
GHUCHAN,14/01/2021,00Z,-0.1,61%,1018.7 Hpa,090º (E ),7.2,0/8,-,-,-,-,-,-,Clear
GORGAN,14/01/2021,21Z,10.0,69%,1005.4 Hpa,calm.,,0/8,-,-,-,-,-,-,Clear
GORGAN,14/01/2021,18Z,12.9,70%,1005.7 Hpa,090º (E ),7.2,5/8,-,5/8 AC,-,-,-,-,"Cloudy, haze"
GORGAN,14/01/2021,15Z,13.5,67%,1006.7 Hpa,calm.,,6/8,-,2/8 AC,CS,-,27.9,-,Cloudy
GORGAN,14/01/2021,12Z,26.2,32%,1006.7 Hpa,calm.,,7/8,-,2/8 AC,CI,-,-,-,Cloudy
GORGAN,14/01/2021,09Z,25.7,34%,1007.5 Hpa,010º (N),14.4,4/8,-,-,CI,-,-,-,Scattered clouds
GORGAN,14/01/2021,06Z,11.0,81%,1009.7 Hpa,020º (N),7.2,2/8,-,-,CI,-,-,-,"Few clouds, mist"
GORGAN,14/01/2021,03Z,2.3,93%,1010.3 Hpa,calm.,,0/8,-,-,-,-,-,0.6,Clear
GORGAN,14/01/2021,00Z,4.1,92%,1011.1 Hpa,calm.,,0/8,-,-,-,-,-,-,Clear
HAMEDAN,14/01/2021,21Z,1.2,24%,1010.8 Hpa,050º (NE),14.4,5/8,-,2/8 AC,CI,-,-,-,Cloudy
HAMEDAN,14/01/2021,18Z,6.5,13%,1013.3 Hpa,010º (N),7.2,7/8,-,2/8 AC,CI,-,-,-,Cloudy
HAMEDAN,14/01/2021,15Z,9.3,13%,1012.5 Hpa,150º (SE),10.8,7/8,-,2/8 AC,CI,-,15.6,-,Cloudy
HAMEDAN,14/01/2021,12Z,15.0,8%,1009.3 Hpa,170º (S ),21.6,7/8,-,1/8 AC,CI,-,-,-,Cloudy
HAMEDAN,14/01/2021,09Z,12.2,20%,1014.1 Hpa,340º (N ),7.2,7/8,-,1/8 AC,CI,-,-,-,Cloudy
HAMEDAN,14/01/2021,06Z,1.1,64%,1019.3 Hpa,140º (SE),7.2,4/8,-,2/8 AC,CC,-,-,-,Scattered clouds
HAMEDAN,14/01/2021,03Z,-2.8,72%,1019.7 Hpa,250º (W ),3.6,0/8,-,-,-,-,-,-4.1,Clear
HAMEDAN,14/01/2021,00Z,-1.2,68%,1016.0 Hpa,280º (W ),3.6,0/8,-,-,-,-,-,-,Clear
ILAM,14/01/2021,21Z,9.7,14%,1013.1 Hpa,130º (SE),10.8,7/8,5/8 CB,AC,-,-,-,-,Cloudy
ILAM,14/01/2021,18Z,10.4,15%,1014.0 Hpa,140º (SE),14.4,8/8,6/8 CB,AC,,-,-,-,Overcast
ILAM,14/01/2021,15Z,10.9,13%,1016.5 Hpa,120º (SE),21.6,8/8,5/8 CB,AC,-,-,15.1,-,Overcast
ILAM,14/01/2021,12Z,13.2,14%,1014.2 Hpa,130º (SE),18.0,8/8,1/8 SC,AC,,-,-,-,Overcast
ILAM,14/01/2021,09Z,14.0,13%,1015.2 Hpa,130º (SE),21.6,6/8,1/8 SC,AC,-,-,-,-,Cloudy
ILAM,14/01/2021,06Z,10.4,19%,1019.6 Hpa,070º (E ),3.6,6/8,-,6/8 AC,-,-,-,-,Cloudy
ILAM,14/01/2021,03Z,2.2,30%,1020.8 Hpa,080º (E ),7.2,4/8,-,-,CI,-,-,2.0,Scattered clouds
ILAM,14/01/2021,00Z,5.9,26%,1017.1 Hpa,100º (E ),10.8,4/8,-,1/8 AC,CI,-,-,-,Scattered clouds
IRANSHAHR,14/01/2021,21Z,8.2,7%,1015.6 Hpa,010º (N),7.2,0/8,-,-,-,-,-,-,Clear
IRANSHAHR,14/01/2021,18Z,11.4,9%,1016.1 Hpa,040º (NE),7.2,0/8,-,-,-,-,-,-,Clear
IRANSHAHR,14/01/2021,15Z,16.4,7%,1015.5 Hpa,calm.,,0/8,-,-,-,-,23.8,-,Clear
IRANSHAHR,14/01/2021,12Z,23.5,3%,1013.9 Hpa,230º (SW),14.4,0/8,-,-,-,-,-,-,Clear
IRANSHAHR,14/01/2021,09Z,21.4,4%,1015.4 Hpa,230º (SW),10.8,0/8,-,-,-,-,-,-,Clear
IRANSHAHR,14/01/2021,06Z,15.7,5%,1019.3 Hpa,140º (SE),7.2,1/8,-,1/8 AC,-,-,-,-,Few clouds
IRANSHAHR,14/01/2021,03Z,5.3,8%,1018.9 Hpa,010º (N),10.8,0/8,-,-,-,-,-,4.2,Clear
IRANSHAHR,14/01/2021,00Z,5.4,11%,1016.9 Hpa,030º (NE),14.4,0/8,-,-,-,-,-,-,Clear
JASK,14/01/2021,21Z,18.1,64%,1012.7 Hpa,330º (NW),10.8,0/8,-,-,-,-,-,-,"Clear, haze"
JASK,14/01/2021,18Z,19.3,60%,1013.2 Hpa,320º (NW),25.2,0/8,-,-,-,-,-,-,"Clear, dust"
JASK,14/01/2021,15Z,20.6,56%,1012.2 Hpa,310º (NW),21.6,0/8,-,-,-,-,24.1,-,"Clear, haze"
JASK,14/01/2021,12Z,22.8,448%,1011.3 Hpa,290º (W ),21.6,0/8,-,-,-,-,-,-,"Clear, haze"
JASK,14/01/2021,09Z,23.8,46%,1013.0 Hpa,310º (NW),18.0,0/8,-,-,-,-,-,-,"Clear, haze"
JASK,14/01/2021,06Z,20.0,529%,1016.3 Hpa,330º (NW),14.4,0/8,-,-,-,-,-,-,"Clear, haze"
JASK,14/01/2021,03Z,17.3,63%,1015.0 Hpa,340º (N ),14.4,0/8,-,-,-,-,-,15.7,"Clear, haze"
JASK,14/01/2021,00Z,18.0,58%,1014.4 Hpa,320º (NW),18.0,0/8,-,-,-,-,-,-,"Clear, haze"
KAHNUJ,14/01/2021,21Z,8.0,25%,1011.4 Hpa,calm.,,0/8,-,-,-,-,-,-,Clear
KAHNUJ,14/01/2021,18Z,9.8,22%,1011.9 Hpa,calm.,,0/8,-,-,-,-,-,-,Clear
KAHNUJ,14/01/2021,15Z,17.2,13%,1011.8 Hpa,030º (NE),10.8,0/8,-,-,-,-,24.4,-,Clear
KAHNUJ,14/01/2021,12Z,24.0,7%,1009.8 Hpa,090º (E ),7.2,0/8,-,-,-,-,-,-,Clear
KAHNUJ,14/01/2021,09Z,21.0,10%,1012.5 Hpa,150º (SE),7.2,0/8,-,-,-,-,-,-,Clear
KAHNUJ,14/01/2021,06Z,14.8,17%,1015.7 Hpa,calm.,,0/8,-,-,-,-,-,-,Clear
KAHNUJ,14/01/2021,03Z,2.2,35%,1014.7 Hpa,calm.,,2/8,-,2/8 AC,-,-,-,2.1,Few clouds
KAHNUJ,14/01/2021,00Z,4.0,31%,1013.0 Hpa,calm.,,0/8,-,-,-,-,-,-,Clear
KASHAN,14/01/2021,21Z,4.4,51%,1019.1 Hpa,270º (W ),3.6,0/8,-,-,-,-,-,-,Clear
KASHAN,14/01/2021,18Z,4.5,52%,1019.7 Hpa,190º (S ),3.6,3/8,-,-,CI,-,-,-,Scattered clouds
KASHAN,14/01/2021,15Z,6.7,36%,1019.5 Hpa,310º (NW),3.6,6/8,3/8 SC,-,CI,-,12.5,-,Cloudy
KASHAN,14/01/2021,12Z,10.5,28%,1018.1 Hpa,340º (N ),3.6,4/8,-,-,CI,-,-,-,Scattered clouds
KASHAN,14/01/2021,09Z,9.1,29%,1020.5 Hpa,310º (NW),10.8,2/8,-,-,CI,-,-,-,Few clouds
KASHAN,14/01/2021,06Z,3.9,53%,1024.3 Hpa,060º (NE),3.6,4/8,-,-,CI,-,-,-,Scattered clouds
KASHAN,14/01/2021,03Z,-1.0,70%,1025.0 Hpa,230º (SW),3.6,0/8,-,-,-,-,-,-2.6,Clear
KASHAN,14/01/2021,00Z,0.4,61%,1024.2 Hpa,230º (SW),7.2,0/8,-,-,-,-,-,-,Clear
KASHMAR,14/01/2021,21Z,1.8,28%,1019.4 Hpa,calm.,,0/8,-,-,-,-,-,-,Clear
KASHMAR,14/01/2021,18Z,2.4,33%,1019.5 Hpa,calm.,,0/8,-,-,-,-,-,-,Clear
KASHMAR,14/01/2021,15Z,4.1,39%,1022.3 Hpa,calm.,,1/8,-,-,CI,-,14.8,-,Few clouds
KASHMAR,14/01/2021,12Z,14.5,15%,1019.1 Hpa,260º (W ),7.2,0/8,-,-,-,-,-,-,Clear
KASHMAR,14/01/2021,09Z,12.4,21%,1021.1 Hpa,230º (SW),7.2,0/8,-,-,-,-,-,-,Clear
KASHMAR,14/01/2021,06Z,11.3,21%,1023.4 Hpa,calm.,,0/8,-,-,-,-,-,-,Clear
KASHMAR,14/01/2021,03Z,-2.3,51%,1025.1 Hpa,calm.,,0/8,-,-,-,-,-,-2.3,Clear
KASHMAR,14/01/2021,00Z,-1.1,49%,1022.6 Hpa,calm.,,0/8,-,-,-,-,-,-,Clear
KERMAN,14/01/2021,21Z,-2.8,28%,1018.9 Hpa,270º (W ),7.2,0/8,-,-,-,-,-,-,Clear
KERMAN,14/01/2021,18Z,0.8,20%,1018.9 Hpa,160º (S ),14.4,0/8,-,-,-,-,-,-,Clear
KERMAN,14/01/2021,15Z,7.2,15%,1021.3 Hpa,350º (N ),7.2,0/8,-,-,-,-,18.0,-,Clear
KERMAN,14/01/2021,12Z,17.4,6%,1016.0 Hpa,320º (NW),7.2,0/8,-,-,-,-,-,-,Clear
KERMAN,14/01/2021,09Z,13.9,8%,1018.5 Hpa,330º (NW),7.2,0/8,-,-,-,-,-,-,Clear
KERMAN,14/01/2021,06Z,10.3,11%,1021.5 Hpa,calm.,,0/8,-,-,-,-,-,-,Clear
KERMAN,14/01/2021,03Z,-5.2,33%,1023.7 Hpa,,,4/8,-,1/8 AC,CI,-,-,-6.3,Scattered clouds
KERMAN,14/01/2021,00Z,-3.4,29%,1020.1 Hpa,120º (SE),7.2,0/8,-,-,-,-,-,-,Clear
KERMANSHAH,14/01/2021,21Z,11.9,1%,1011.1 Hpa,090º (E ),21.6,8/8,1/8 CB,AC,,-,-,-,Overcast
KERMANSHAH,14/01/2021,18Z,12.0,0%,1015.0 Hpa,110º (E ),21.6,8/8,1/8 CB,AC,,-,-,-,Overcast
KERMANSHAH,14/01/2021,15Z,11.4,3%,1015.2 Hpa,120º (SE),18.0,8/8,-,8/8 AC,,-,17.1,-,Overcast
KERMANSHAH,14/01/2021,12Z,14.3,2%,1013.0 Hpa,170º (S ),25.2,7/8,-,7/8 AC,-,-,-,-,Cloudy
KERMANSHAH,14/01/2021,09Z,14.5,2%,1014.4 Hpa,110º (E ),18.0,7/8,-,1/8 AC,CI,-,-,-,Cloudy
KERMANSHAH,14/01/2021,06Z,3.5,37%,1021.0 Hpa,240º (SW),7.2,7/8,-,1/8 AC,CI,-,-,-,Cloudy
KERMANSHAH,14/01/2021,03Z,1.9,25%,1018.3 Hpa,calm.,,5/8,-,2/8 AC,CI,-,-,1.0,Cloudy
KERMANSHAH,14/01/2021,00Z,3.1,37%,1017.2 Hpa,calm.,,3/8,-,-,CI,-,-,-,Scattered clouds
KHARG,14/01/2021,15Z,16.3,70%,1015.9 Hpa,calm.,,6/8,-,-,CI,-,20.2,-,Cloudy
KHARG,14/01/2021,12Z,19.2,59%,1015.5 Hpa,320º (NW),10.8,6/8,-,-,CI,-,-,-,Cloudy
KHARG,14/01/2021,09Z,20.0,55%,1016.7 Hpa,340º (N ),7.2,5/8,-,-,CI,-,-,-,Cloudy
KHARG,14/01/2021,06Z,18.9,61%,1018.8 Hpa,310º (NW),10.8,3/8,-,-,CI,-,-,-,"Scattered clouds, haze"
KHARG,14/01/2021,03Z,9.9,85%,1017.6 Hpa,calm.,,0/8,-,-,-,-,-,9.9,"Clear, mist"
KHOR,14/01/2021,21Z,4.8,34%,1016.0 Hpa,calm.,,0/8,-,-,-,-,-,-,Clear
KHOR,14/01/2021,18Z,6.0,30%,1017.4 Hpa,240º (SW),7.2,0/8,-,-,-,-,-,-,Clear
KHOR,14/01/2021,15Z,7.2,29%,1018.6 Hpa,calm.,,1/8,-,-,CI,-,15.0,-,Few clouds
KHOR,14/01/2021,12Z,13.6,22%,1018.0 Hpa,calm.,,5/8,-,-,CI,-,-,-,Cloudy
KHOR,14/01/2021,09Z,11.8,24%,1019.2 Hpa,calm.,,1/8,-,-,CI,-,-,-,Few clouds
KHOR,14/01/2021,06Z,8.2,32%,1022.8 Hpa,calm.,,0/8,-,-,-,-,-,-,Clear
KHOR,14/01/2021,03Z,0.4,39%,1022.7 Hpa,calm.,,0/8,-,-,-,-,-,-2.6,Clear
KHOR,14/01/2021,00Z,-1.8,50%,1022.3 Hpa,calm.,,0/8,-,-,-,-,-,-,Clear
KHORRAM ABAD,14/01/2021,21Z,6.4,34%,1014.1 Hpa,280º (W ),7.2,4/8,-,4/8 AC,-,-,-,-,Scattered clouds
KHORRAM ABAD,14/01/2021,18Z,7.5,28%,1016.0 Hpa,130º (SE),3.6,6/8,-,6/8 AC,-,-,-,-,Cloudy
KHORRAM ABAD,14/01/2021,15Z,12.1,16%,1016.1 Hpa,110º (E ),10.8,8/8,-,8/8 AC,,-,15.8,-,Overcast
KHORRAM ABAD,14/01/2021,12Z,15.3,16%,1013.8 Hpa,240º (SW),7.2,6/8,1/8 CU,AC,CS,-,-,-,Cloudy
KHORRAM ABAD,14/01/2021,09Z,12.5,56%,1017.7 Hpa,270º (W ),10.8,5/8,-,-,CI,-,-,-,Cloudy
KHORRAM ABAD,14/01/2021,06Z,4.7,50%,1021.4 Hpa,calm.,,4/8,-,-,CI,-,-,-,Scattered clouds
KHORRAM ABAD,14/01/2021,03Z,-0.8,68%,1019.8 Hpa,150º (SE),3.6,2/8,-,-,CI,-,-,-1.4,Few clouds
KHORRAM ABAD,14/01/2021,00Z,1.4,58%,1018.7 Hpa,150º (SE),7.2,5/8,-,-,CI,-,-,-,Cloudy
KHOY,14/01/2021,21Z,7.6,52%,1005.6 Hpa,180º (S ),18.0,4/8,4/8 SC,-,-,-,-,-,Scattered clouds
KHOY,14/01/2021,18Z,8.5,49%,1006.3 Hpa,170º (S ),21.6,1/8,1/8 SC,-,-,-,-,-,Few clouds
KHOY,14/01/2021,15Z,9.3,49%,1005.5 Hpa,130º (SE),36.0,4/8,4/8 SC,-,-,-,14.8,-,Scattered clouds
KHOY,14/01/2021,12Z,14.8,33%,1003.3 Hpa,130º (SE),28.8,2/8,2/8 SC,-,-,-,-,-,Few clouds
KHOY,14/01/2021,09Z,13.4,39%,1006.3 Hpa,160º (S ),39.6,1/8,1/8 SC,-,-,-,-,-,Few clouds
KHOY,14/01/2021,06Z,8.6,57%,1009.4 Hpa,270º (W ),28.8,3/8,3/8 SC,-,-,-,-,-,Scattered clouds
KHOY,14/01/2021,03Z,7.0,57%,1009.9 Hpa,220º (SW),28.8,8/8,5/8 SC,AC,,-,-,5.4,Overcast
KHOY,14/01/2021,00Z,7.2,52%,1011.3 Hpa,240º (SW),14.4,8/8,5/8 SC,AC,,-,-,-,Overcast
KISH ISLAND,14/01/2021,21Z,19.2,72%,1014.7 Hpa,300º (NW),10.8,0/8,-,-,-,-,-,-,Clear
KISH ISLAND,14/01/2021,18Z,19.2,66%,1015.3 Hpa,300º (NW),10.8,0/8,-,-,-,-,-,-,Clear
KISH ISLAND,14/01/2021,15Z,20.4,64%,1014.8 Hpa,300º (NW),18.0,0/8,-,-,-,-,24.0,-,Clear
KISH ISLAND,14/01/2021,12Z,23.4,55%,1013.9 Hpa,280º (W ),14.4,0/8,-,-,-,-,-,-,Clear
KISH ISLAND,14/01/2021,09Z,23.7,58%,1015.5 Hpa,260º (W ),14.4,0/8,-,-,-,-,-,-,Clear
KISH ISLAND,14/01/2021,06Z,21.6,72%,1017.9 Hpa,300º (NW),10.8,0/8,-,-,-,-,-,-,Clear
KISH ISLAND,14/01/2021,03Z,16.5,77%,1016.4 Hpa,320º (NW),7.2,0/8,-,-,-,-,-,16.4,Clear
KISH ISLAND,14/01/2021,00Z,17.8,66%,1016.0 Hpa,300º (NW),7.2,0/8,-,-,-,-,-,-,Clear
MAKKO,14/01/2021,21Z,4.2,67%,1004.3 Hpa,calm.,,5/8,5/8 SC,-,-,-,-,-,Cloudy
MAKKO,14/01/2021,18Z,4.0,69%,1006.1 Hpa,330º (NW),7.2,5/8,5/8 SC,-,-,-,-,-,Cloudy
MAKKO,14/01/2021,15Z,7.0,61%,1005.8 Hpa,calm.,,5/8,5/8 SC,-,-,-,10.0,-,Cloudy
MAKKO,14/01/2021,12Z,9.2,57%,1004.4 Hpa,calm.,,5/8,5/8 SC,-,-,-,-,-,Cloudy
MAKKO,14/01/2021,09Z,8.0,57%,1007.1 Hpa,310º (NW),10.8,5/8,5/8 SC,-,-,-,-,-,Cloudy
MAKKO,14/01/2021,06Z,4.7,66%,1009.8 Hpa,calm.,,2/8,2/8 SC,-,-,-,-,-,Few clouds
MAKKO,14/01/2021,03Z,2.7,74%,1010.4 Hpa,calm.,,3/8,3/8 SC,-,-,-,-,0.8,Scattered clouds
MAKKO,14/01/2021,00Z,5.1,76%,1011.4 Hpa,calm.,,3/8,3/8 SC,-,-,-,-,-,Scattered clouds
MARAGHEH,14/01/2021,21Z,5.7,64%,1009.4 Hpa,180º (S ),7.2,8/8,3/8 SC,AC,,-,-,-,Overcast
MARAGHEH,14/01/2021,18Z,6.9,39%,1009.9 Hpa,160º (S ),7.2,8/8,3/8 SC,AC,,-,-,-,Overcast
MARAGHEH,14/01/2021,15Z,7.7,41%,1011.4 Hpa,250º (W ),10.8,7/8,4/8 SC,AC,-,-,14.4,-,Cloudy
MARAGHEH,14/01/2021,12Z,11.2,21%,1007.5 Hpa,220º (SW),21.6,7/8,5/8 CB,AC,-,-,-,-,Cloudy
MARAGHEH,14/01/2021,09Z,13.4,24%,1009.1 Hpa,180º (S ),18.0,4/8,2/8 CU/SC,AC,CI,-,-,-,Scattered clouds
MARAGHEH,14/01/2021,06Z,8.7,38%,1012.7 Hpa,160º (S ),10.8,7/8,1/8 CU,AC,CI,-,-,-,Cloudy
MARAGHEH,14/01/2021,03Z,4.0,55%,1014.5 Hpa,140º (SE),7.2,3/8,-,-,CI,-,-,4.0,Scattered clouds
MARAGHEH,14/01/2021,00Z,8.0,55%,1011.8 Hpa,160º (S ),10.8,5/8,-,1/8 AC,CS,-,-,-,Cloudy
MARAVEH-TAPPEH,14/01/2021,21Z,20.2,12%,1006.4 Hpa,170º (S ),18.0,0/8,-,-,-,-,-,-,Clear
MARAVEH-TAPPEH,14/01/2021,18Z,19.4,13%,1007.4 Hpa,140º (SE),36.0,0/8,-,-,-,-,-,-,Clear
MARAVEH-TAPPEH,14/01/2021,15Z,18.8,13%,1008.1 Hpa,140º (SE),32.4,4/8,-,-,CI,-,25.4,-,Scattered clouds
MARAVEH-TAPPEH,14/01/2021,12Z,23.0,12%,1007.8 Hpa,150º (SE),25.2,1/8,-,-,CI,-,-,-,Few clouds
MARAVEH-TAPPEH,14/01/2021,09Z,24.4,13%,1008.3 Hpa,130º (SE),28.8,0/8,-,-,-,-,-,-,Clear
MARAVEH-TAPPEH,14/01/2021,06Z,20.1,15%,1011.2 Hpa,140º (SE),28.8,0/8,-,-,-,-,-,-,Clear
MARAVEH-TAPPEH,14/01/2021,03Z,17.0,16%,1011.4 Hpa,140º (SE),36.0,0/8,-,-,-,-,-,16.0,Clear
MARAVEH-TAPPEH,14/01/2021,00Z,16.5,16%,1012.4 Hpa,140º (SE),36.0,0/8,-,-,-,-,-,-,Clear
MASHHAD,14/01/2021,21Z,4.1,39%,1013.8 Hpa,310º (NW),14.4,0/8,-,-,-,-,-,-,Clear
MASHHAD,14/01/2021,18Z,12.6,22%,1014.2 Hpa,300º (NW),14.4,0/8,-,-,-,-,-,-,Clear
MASHHAD,14/01/2021,15Z,11.8,25%,1015.7 Hpa,200º (S ),7.2,0/8,-,-,-,-,23.1,-,Clear
MASHHAD,14/01/2021,12Z,23.0,21%,1012.8 Hpa,240º (SW),7.2,0/8,-,-,-,-,-,-,Clear
MASHHAD,14/01/2021,09Z,19.0,27%,1014.7 Hpa,180º (S ),7.2,0/8,-,-,-,-,-,-,Clear
MASHHAD,14/01/2021,06Z,9.3,40%,1019.2 Hpa,060º (NE),7.2,0/8,-,-,-,-,-,-,Clear
MASHHAD,14/01/2021,03Z,0.5,57%,1020.4 Hpa,calm.,,0/8,-,-,-,-,-,-0.1,Clear
MASHHAD,14/01/2021,00Z,0.5,57%,1018.3 Hpa,calm.,,0/8,-,-,-,-,-,-,Clear
MASJED-SOLEYMAN,14/01/2021,21Z,11.2,76%,1014.0 Hpa,calm.,,0/8,-,-,-,-,-,-,Clear
MASJED-SOLEYMAN,14/01/2021,18Z,12.9,57%,1014.7 Hpa,330º (NW),3.6,5/8,3/8 SC,AC,-,-,-,-,Cloudy
MASJED-SOLEYMAN,14/01/2021,15Z,15.7,39%,1014.2 Hpa,230º (SW),3.6,5/8,3/8 SC,AC,-,-,21.5,-,Cloudy
MASJED-SOLEYMAN,14/01/2021,12Z,20.6,28%,1013.3 Hpa,150º (SE),7.2,5/8,3/8 SC,AC,-,-,-,-,Cloudy
MASJED-SOLEYMAN,14/01/2021,09Z,16.6,57%,1015.6 Hpa,350º (N ),3.6,6/8,-,3/8 AC,CI,-,-,-,Cloudy
MASJED-SOLEYMAN,14/01/2021,06Z,9.2,77%,1017.6 Hpa,320º (NW),3.6,4/8,-,2/8 AC,CI,-,-,-,Scattered clouds
MASJED-SOLEYMAN,14/01/2021,03Z,7.0,92%,1016.6 Hpa,190º (S ),3.6,0/8,-,-,-,-,-,7.0,Clear
MASJED-SOLEYMAN,14/01/2021,00Z,7.9,89%,1016.2 Hpa,170º (S ),3.6,0/8,-,-,-,-,-,-,Clear
MEYANEH,14/01/2021,21Z,2.8,77%,1013.5 Hpa,calm.,,5/8,-,-,CI,-,-,-,Cloudy
MEYANEH,14/01/2021,18Z,4.0,81%,1014.1 Hpa,calm.,,7/8,-,-,CI,-,-,-,Cloudy
MEYANEH,14/01/2021,15Z,4.8,70%,1013.2 Hpa,calm.,,7/8,-,-,CI,-,9.4,-,Cloudy
MEYANEH,14/01/2021,12Z,9.0,56%,1011.3 Hpa,calm.,,7/8,-,-,CI,-,-,-,Cloudy
MEYANEH,14/01/2021,09Z,4.6,55%,1015.8 Hpa,calm.,,7/8,-,-,CI,-,-,-,Cloudy
MEYANEH,14/01/2021,06Z,0.8,74%,1019.1 Hpa,calm.,,7/8,-,-,CI,-,-,-,"Cloudy, haze"
MEYANEH,14/01/2021,03Z,-0.8,83%,1018.4 Hpa,calm.,,7/8,-,4/8 AC,CI,-,-,-0.8,Cloudy
MEYANEH,14/01/2021,00Z,2.0,76%,1016.8 Hpa,calm.,,7/8,-,4/8 AC,CI,-,-,-,Cloudy
MOHABAD,14/01/2021,21Z,3.8,76%,1010.4 Hpa,210º (SW),25.2,8/8,5/8 CB,AC,,-,-,-,"Overcast, rain showers"
MOHABAD,14/01/2021,18Z,5.7,55%,1010.4 Hpa,220º (SW),39.6,3/8,3/8 SC,-,-,-,-,-,Scattered clouds
MOHABAD,14/01/2021,15Z,6.9,38%,1010.9 Hpa,210º (SW),43.2,5/8,2/8 SC,-,CI,-,13.2,-,Cloudy
MOHABAD,14/01/2021,12Z,9.4,34%,1008.6 Hpa,200º (S ),39.6,5/8,2/8 SC,-,CI,-,-,-,Cloudy
MOHABAD,14/01/2021,09Z,12.0,21%,1009.8 Hpa,210º (SW),75.6,5/8,-,-,CI,-,-,-,Cloudy
MOHABAD,14/01/2021,06Z,9.2,49%,1012.5 Hpa,180º (S ),18.0,4/8,1/8 SC,-,CI,-,-,-,Scattered clouds
MOHABAD,14/01/2021,03Z,7.5,50%,1012.6 Hpa,190º (S ),14.4,0/8,-,-,-,-,-,7.0,Clear
MOHABAD,14/01/2021,00Z,7.5,56%,1013.5 Hpa,220º (SW),28.8,2/8,2/8 SC,-,-,-,-,-,Few clouds
NEHBANDAN,14/01/2021,21Z,1.1,18%,1016.8 Hpa,calm.,,0/8,-,-,-,-,-,-,Clear
NEHBANDAN,14/01/2021,18Z,3.2,14%,1019.4 Hpa,calm.,,0/8,-,-,-,-,-,-,Clear
NEHBANDAN,14/01/2021,15Z,9.9,2%,1019.5 Hpa,calm.,,0/8,-,-,-,-,18.5,-,Clear
NEHBANDAN,14/01/2021,12Z,18.1,0%,1016.6 Hpa,150º (SE),7.2,1/8,-,1/8 AC,-,-,-,-,Few clouds
NEHBANDAN,14/01/2021,09Z,16.7,1%,1017.9 Hpa,200º (S ),7.2,2/8,1/8 CU,AC,-,-,-,-,Few clouds
NEHBANDAN,14/01/2021,06Z,7.7,3%,1023.3 Hpa,calm.,,4/8,-,4/8 AC,-,-,-,-,Scattered clouds
NEHBANDAN,14/01/2021,03Z,-0.6,20%,1021.9 Hpa,calm.,,3/8,-,3/8 AC,-,-,-,-0.6,Scattered clouds
NEHBANDAN,14/01/2021,00Z,1.6,14%,1018.7 Hpa,calm.,,0/8,-,-,-,-,-,-,Clear
NOSHAHR,14/01/2021,21Z,10.0,86%,1004.6 Hpa,calm.,,6/8,3/8 SC,-,CI,-,-,-,Cloudy
NOSHAHR,14/01/2021,18Z,11.0,75%,1003.9 Hpa,180º (S ),7.2,6/8,3/8 SC,-,CI,-,-,-,Cloudy
NOSHAHR,14/01/2021,15Z,11.6,92%,1004.0 Hpa,080º (E ),7.2,6/8,2/8 SC,-,CI,-,16.0,-,"Cloudy, mist"
NOSHAHR,14/01/2021,12Z,14.8,80%,1004.7 Hpa,070º (E ),7.2,6/8,3/8 SC,-,CI,-,-,-,"Cloudy, mist"
NOSHAHR,14/01/2021,09Z,14.2,84%,1006.8 Hpa,040º (NE),7.2,6/8,3/8 SC,-,CI,-,-,-,"Cloudy, mist"
NOSHAHR,14/01/2021,06Z,10.4,92%,1008.5 Hpa,260º (W ),7.2,6/8,3/8 ST,-,CI,-,-,-,"Cloudy, mist"
NOSHAHR,14/01/2021,03Z,5.4,93%,1007.6 Hpa,170º (S ),3.6,0/8,-,-,-,-,-,5.0,Clear
NOSHAHR,14/01/2021,00Z,5.6,93%,1009.1 Hpa,250º (W ),3.6,0/8,-,-,-,-,-,-,Clear
OMIDYEH-AGHAJARI,14/01/2021,21Z,11.5,71%,1014.7 Hpa,190º (S ),7.2,7/8,3/8 SC,AC,-,-,-,-,Cloudy
OMIDYEH-AGHAJARI,14/01/2021,18Z,13.1,66%,1015.5 Hpa,150º (SE),7.2,5/8,5/8 SC,-,-,-,-,-,Cloudy
OMIDYEH-AGHAJARI,14/01/2021,15Z,16.0,58%,1014.6 Hpa,120º (SE),7.2,6/8,6/8 SC,-,-,-,21.7,-,Cloudy
OMIDYEH-AGHAJARI,14/01/2021,12Z,19.6,51%,1014.8 Hpa,220º (SW),10.8,5/8,2/8 SC,-,CI,-,-,-,Cloudy
OMIDYEH-AGHAJARI,14/01/2021,09Z,18.6,46%,1017.0 Hpa,230º (SW),3.6,5/8,-,-,CI,-,-,-,Cloudy
OMIDYEH-AGHAJARI,14/01/2021,06Z,13.4,62%,1017.7 Hpa,160º (S ),7.2,3/8,-,-,CI,-,-,-,Scattered clouds
OMIDYEH-AGHAJARI,14/01/2021,03Z,6.6,85%,1017.3 Hpa,280º (W ),3.6,5/8,-,-,CI,-,-,5.7,Cloudy
OMIDYEH-AGHAJARI,14/01/2021,00Z,5.7,86%,1017.7 Hpa,330º (NW),3.6,0/8,-,-,-,-,-,-,Clear
ORUMIEH,14/01/2021,21Z,4.8,65%,1007.2 Hpa,170º (S ),14.4,7/8,5/8 SC,AC,-,-,-,-,Cloudy
ORUMIEH,14/01/2021,18Z,5.0,60%,1008.7 Hpa,100º (E ),10.8,8/8,5/8 CB,AC,,-,-,-,Overcast
ORUMIEH,14/01/2021,15Z,7.8,44%,1009.5 Hpa,180º (S ),25.2,6/8,5/8 CB,-,CI,-,13.9,-,Cloudy
ORUMIEH,14/01/2021,12Z,11.4,36%,1007.8 Hpa,200º (S ),14.4,5/8,5/8 CB,-,CI,-,-,-,Cloudy
ORUMIEH,14/01/2021,09Z,12.2,34%,1008.9 Hpa,150º (SE),36.0,5/8,5/8 CB,-,-,-,-,-,Cloudy
ORUMIEH,14/01/2021,06Z,7.6,56%,1012.5 Hpa,100º (E ),10.8,3/8,2/8 SC,AC,CI,-,-,-,Scattered clouds
ORUMIEH,14/01/2021,03Z,1.8,76%,1014.7 Hpa,360º (N ),7.2,1/8,1/8 SC,-,-,-,-,-2.6,"Few clouds, haze"
ORUMIEH,14/01/2021,00Z,-2.4,85%,1015.5 Hpa,260º (W ),7.2,1/8,1/8 SC,-,-,-,-,-,"Few clouds, mist"
PARS ABAD MOGHAN,14/01/2021,21Z,7.0,97%,1005.1 Hpa,130º (SE),28.8,7/8,4/8 SC,AC,-,-,-,-,Cloudy
PARS ABAD MOGHAN,14/01/2021,18Z,4.1,95%,1006.2 Hpa,160º (S ),10.8,8/8,8/8 ST,,,-,-,-,"Overcast, fog"
PARS ABAD MOGHAN,14/01/2021,15Z,4.7,88%,1005.2 Hpa,calm.,,7/8,4/8 CB,-,CI,-,9.1,-,"Cloudy, mist"
PARS ABAD MOGHAN,14/01/2021,12Z,8.9,90%,1004.2 Hpa,calm.,,7/8,5/8 ST,-,CI,-,-,-,"Cloudy, mist"
PARS ABAD MOGHAN,14/01/2021,09Z,7.5,94%,1005.5 Hpa,110º (E ),7.2,8/8,5/8 ST,AC,,-,-,-,"Overcast, mist"
PARS ABAD MOGHAN,14/01/2021,06Z,5.7,95%,1007.8 Hpa,260º (W ),7.2,8/8,8/8 ST,,,-,-,-,"Overcast, fog"
PARS ABAD MOGHAN,14/01/2021,03Z,5.7,95%,1008.3 Hpa,260º (W ),3.6,0/8,-,-,-,-,-,5.5,Clear
PARS ABAD MOGHAN,14/01/2021,00Z,5.6,93%,1010.2 Hpa,300º (NW),3.6,0/8,-,-,-,-,-,-,Clear
RAMSAR,14/01/2021,21Z,11.2,70%,1003.9 Hpa,130º (SE),3.6,7/8,3/8 SC,AC,-,-,-,-,Cloudy
RAMSAR,14/01/2021,18Z,11.8,85%,1004.0 Hpa,190º (S ),3.6,7/8,3/8 SC,AC,-,-,-,-,Cloudy
RAMSAR,14/01/2021,15Z,19.0,38%,1003.5 Hpa,310º (NW),10.8,7/8,2/8 SC,AC,-,-,20.8,-,Cloudy
RAMSAR,14/01/2021,12Z,15.6,72%,1003.5 Hpa,120º (SE),10.8,7/8,2/8 SC,AC,-,-,-,-,"Cloudy, haze"
RAMSAR,14/01/2021,09Z,12.8,90%,1005.5 Hpa,070º (E ),3.6,7/8,2/8 SC,AC,CI,-,-,-,"Cloudy, mist"
RAMSAR,14/01/2021,06Z,10.2,94%,1007.9 Hpa,130º (SE),7.2,7/8,3/8 SC,AC,CI,-,-,-,"Cloudy, mist"
RAMSAR,14/01/2021,03Z,7.6,91%,1007.2 Hpa,250º (W ),3.6,2/8,2/8 SC,-,-,-,-,6.0,Few clouds
RAMSAR,14/01/2021,00Z,8.0,92%,1008.1 Hpa,150º (SE),14.4,0/8,-,-,-,-,-,-,Clear
RASHT,14/01/2021,21Z,22.2,14%,1004.7 Hpa,140º (SE),25.2,5/8,2/8 SC,AC,CI,-,-,-,Cloudy
RASHT,14/01/2021,18Z,20.6,18%,1004.8 Hpa,150º (SE),18.0,5/8,-,3/8 AC,CC,-,-,-,Cloudy
RASHT,14/01/2021,15Z,17.4,25%,1004.2 Hpa,calm.,,7/8,1/8 SC,AC,CC,-,25.2,-,Cloudy
RASHT,14/01/2021,12Z,25.0,5%,1004.2 Hpa,170º (S ),21.6,7/8,1/8 SC,AC,CC,-,-,-,Cloudy
RASHT,14/01/2021,09Z,24.0,14%,1006.4 Hpa,160º (S ),18.0,7/8,1/8 SC,AC,CC,-,-,-,Cloudy
RASHT,14/01/2021,06Z,21.6,17%,1008.7 Hpa,170º (S ),18.0,7/8,3/8 CU,AC,-,-,-,-,Cloudy
RASHT,14/01/2021,03Z,8.0,100%,1007.8 Hpa,calm.,,5/8,5/8 SC,-,-,-,-,4.4,"Cloudy, mist"
RASHT,14/01/2021,00Z,6.4,100%,1009.5 Hpa,calm.,,5/8,5/8 ST,-,-,-,-,-,"Cloudy, fog"
SABZEVAR,14/01/2021,21Z,4.6,26%,1016.9 Hpa,080º (E ),7.2,0/8,-,-,-,-,-,-,Clear
SABZEVAR,14/01/2021,18Z,6.2,27%,1019.0 Hpa,060º (NE),7.2,0/8,-,-,-,-,-,-,Clear
SABZEVAR,14/01/2021,15Z,5.6,35%,1020.0 Hpa,330º (NW),7.2,0/8,-,-,-,-,16.0,-,Clear
SABZEVAR,14/01/2021,12Z,14.7,13%,1017.2 Hpa,230º (SW),10.8,1/8,-,-,CI,-,-,-,Few clouds
SABZEVAR,14/01/2021,09Z,13.4,15%,1019.4 Hpa,calm.,,0/8,-,-,-,-,-,-,Clear
SABZEVAR,14/01/2021,06Z,6.7,24%,1023.1 Hpa,090º (E ),14.4,0/8,-,-,-,-,-,-,Clear
SABZEVAR,14/01/2021,03Z,1.7,34%,1023.4 Hpa,070º (E ),10.8,0/8,-,-,-,-,-,-0.1,Clear
SABZEVAR,14/01/2021,00Z,1.9,38%,1021.5 Hpa,080º (E ),7.2,0/8,-,-,-,-,-,-,Clear
SAFI-ABAD DEZFUL,14/01/2021,21Z,10.2,85%,1014.8 Hpa,080º (E ),7.2,7/8,-,7/8 AC,-,-,-,-,Cloudy
SAFI-ABAD DEZFUL,14/01/2021,18Z,11.2,82%,1014.9 Hpa,060º (NE),7.2,7/8,-,7/8 AC,-,-,-,-,Cloudy
SAFI-ABAD DEZFUL,14/01/2021,15Z,13.8,75%,1014.5 Hpa,070º (E ),3.6,6/8,4/8 CB,AC,-,-,18.0,-,Cloudy
SAFI-ABAD DEZFUL,14/01/2021,12Z,18.0,59%,1013.8 Hpa,160º (S ),10.8,7/8,-,5/8 AC,CI,-,-,-,Cloudy
SAFI-ABAD DEZFUL,14/01/2021,09Z,15.8,63%,1016.9 Hpa,120º (SE),7.2,6/8,-,-,CI,-,-,-,Cloudy
SAFI-ABAD DEZFUL,14/01/2021,06Z,9.2,89%,1018.1 Hpa,050º (NE),3.6,7/8,1/8 SC,-,CI,-,-,-,Cloudy
SAFI-ABAD DEZFUL,14/01/2021,03Z,6.2,92%,1017.2 Hpa,050º (NE),7.2,0/8,-,-,-,-,-,6.2,Clear
SAFI-ABAD DEZFUL,14/01/2021,00Z,6.9,89%,1017.5 Hpa,020º (N),3.6,0/8,-,-,-,-,-,-,Clear
SAGHEZ,14/01/2021,21Z,3.7,68%,1010.3 Hpa,280º (W ),10.8,6/8,2/8 SC,-,CI,-,-,-,Cloudy
SAGHEZ,14/01/2021,18Z,8.0,36%,1011.3 Hpa,250º (W ),18.0,6/8,2/8 SC,-,CI,-,-,-,Cloudy
SAGHEZ,14/01/2021,15Z,7.5,27%,1012.7 Hpa,230º (SW),7.2,6/8,2/8 SC,-,CI,-,13.6,-,Cloudy
SAGHEZ,14/01/2021,12Z,12.4,21%,1009.2 Hpa,240º (SW),25.2,4/8,-,-,CI,-,-,-,Scattered clouds
SAGHEZ,14/01/2021,09Z,12.8,21%,1011.1 Hpa,210º (SW),25.2,4/8,-,-,CI,-,-,-,Scattered clouds
SAGHEZ,14/01/2021,06Z,5.0,54%,1015.9 Hpa,calm.,,4/8,-,-,CI,-,-,-,Scattered clouds
SAGHEZ,14/01/2021,03Z,0.5,60%,1017.2 Hpa,160º (S ),7.2,4/8,-,-,CI,-,-,-1.1,Scattered clouds
SAGHEZ,14/01/2021,00Z,3.2,50%,1013.6 Hpa,calm.,,4/8,-,-,CI,-,-,-,Scattered clouds
SANANDAJ,14/01/2021,21Z,10.9,9%,1008.1 Hpa,190º (S ),36.0,6/8,2/8 SC,AC,CI,-,-,-,Cloudy
SANANDAJ,14/01/2021,18Z,11.5,9%,1011.1 Hpa,180º (S ),28.8,6/8,2/8 SC,AC,CI,-,-,-,Cloudy
SANANDAJ,14/01/2021,15Z,11.5,10%,1013.1 Hpa,180º (S ),25.2,4/8,-,2/8 AC,CI,-,16.4,-,Scattered clouds
SANANDAJ,14/01/2021,12Z,14.4,8%,1010.9 Hpa,190º (S ),28.8,7/8,1/8 CU,AC,CI,-,-,-,Cloudy
SANANDAJ,14/01/2021,09Z,14.8,8%,1011.9 Hpa,190º (S ),43.2,6/8,-,4/8 AC,CI,-,-,-,Cloudy
SANANDAJ,14/01/2021,06Z,4.6,48%,1017.6 Hpa,calm.,,6/8,-,4/8 AC,CI,-,-,-,Cloudy
SANANDAJ,14/01/2021,03Z,-2.2,76%,1018.2 Hpa,360º (N ),7.2,4/8,-,-,CI,-,-,-2.4,Scattered clouds
SANANDAJ,14/01/2021,00Z,1.6,66%,1015.9 Hpa,calm.,,4/8,-,-,CI,-,-,-,Scattered clouds
SARAB,14/01/2021,21Z,4.2,45%,1010.9 Hpa,310º (NW),18.0,7/8,3/8 CB,AC,-,-,-,-,Cloudy
SARAB,14/01/2021,18Z,4.4,43%,1011.1 Hpa,290º (W ),18.0,7/8,3/8 CB,AC,-,-,-,-,Cloudy
SARAB,14/01/2021,15Z,5.6,41%,1010.8 Hpa,310º (NW),14.4,7/8,3/8 CB,AC,CI,-,9.8,-,Cloudy
SARAB,14/01/2021,12Z,9.8,37%,1007.9 Hpa,030º (NE),10.8,6/8,2/8 CB,AC,CI,-,-,-,Cloudy
SARAB,14/01/2021,09Z,6.4,38%,1011.9 Hpa,340º (N ),18.0,7/8,3/8 CB,AC,CI,-,-,-,Cloudy
SARAB,14/01/2021,06Z,6.4,38%,1017.2 Hpa,310º (NW),18.0,6/8,2/8 CB,AC,CI,-,-,-,Cloudy
SARAB,14/01/2021,03Z,5.2,48%,1017.2 Hpa,280º (W ),25.2,6/8,2/8 SC,AC,-,-,-,-3.8,Cloudy
SARAB,14/01/2021,00Z,5.8,53%,1014.8 Hpa,310º (NW),21.6,8/8,3/8 SC,AC,,-,-,-,Overcast
SARAKHS,14/01/2021,21Z,12.5,21%,1009.4 Hpa,180º (S ),21.6,0/8,-,-,-,-,-,-,Clear
SARAKHS,14/01/2021,18Z,14.1,20%,1010.4 Hpa,180º (S ),28.8,0/8,-,-,-,-,-,-,Clear
SARAKHS,14/01/2021,15Z,8.8,53%,1010.8 Hpa,140º (SE),25.2,0/8,-,-,-,-,27.5,-,Clear
SARAKHS,14/01/2021,12Z,25.1,15%,1009.6 Hpa,180º (S ),28.8,0/8,-,-,-,-,-,-,Clear
SARAKHS,14/01/2021,09Z,8.8,53%,1011.9 Hpa,150º (SE),36.0,0/8,-,-,-,-,-,-,"Clear, dust"
SARAKHS,14/01/2021,06Z,15.7,27%,1014.5 Hpa,180º (S ),46.8,0/8,-,-,-,-,-,-,Clear
SARAKHS,14/01/2021,03Z,9.3,43%,1014.7 Hpa,180º (S ),25.2,0/8,-,-,-,-,-,-0.6,Clear
SARAKHS,14/01/2021,00Z,1.8,79%,1016.3 Hpa,calm.,,0/8,-,-,-,-,-,-,Clear
SARAVAN,14/01/2021,21Z,5.4,7%,1018.0 Hpa,030º (NE),10.8,0/8,-,-,-,-,-,-,Clear
SARAVAN,14/01/2021,18Z,8.7,8%,1019.4 Hpa,calm.,,0/8,-,-,-,-,-,-,Clear
SARAVAN,14/01/2021,15Z,13.6,6%,1020.5 Hpa,060º (NE),10.8,0/8,-,-,-,-,20.3,-,Clear
SARAVAN,14/01/2021,12Z,19.6,1%,1017.5 Hpa,070º (E ),14.4,0/8,-,-,-,-,-,-,Clear
SARAVAN,14/01/2021,09Z,19.7,1%,1017.3 Hpa,070º (E ),14.4,0/8,-,-,-,-,-,-,Clear
SARAVAN,14/01/2021,06Z,12.7,4%,1021.2 Hpa,030º (NE),10.8,0/8,-,-,-,-,-,-,Clear
SARAVAN,14/01/2021,03Z,-0.6,8%,1023.0 Hpa,330º (NW),10.8,0/8,-,-,-,-,-,-0.9,Clear
SARAVAN,14/01/2021,00Z,1.3,8%,1020.6 Hpa,340º (N ),14.4,0/8,-,-,-,-,-,-,Clear
SEMNAN,14/01/2021,21Z,3.0,55%,1017.0 Hpa,calm.,,3/8,-,-,CI,-,-,-,Scattered clouds
SEMNAN,14/01/2021,18Z,5.6,49%,1018.4 Hpa,calm.,,3/8,-,-,CI,-,-,-,Scattered clouds
SEMNAN,14/01/2021,15Z,8.4,33%,1018.6 Hpa,calm.,,5/8,2/8 SC,AC,CI,-,12.0,-,Cloudy
SEMNAN,14/01/2021,12Z,11.8,24%,1016.9 Hpa,090º (E ),7.2,7/8,2/8 SC,AC,CI,-,-,-,Cloudy
SEMNAN,14/01/2021,09Z,10.4,30%,1019.2 Hpa,140º (SE),7.2,7/8,3/8 SC,AC,CI,-,-,-,Cloudy
SEMNAN,14/01/2021,06Z,6.8,49%,1022.9 Hpa,calm.,,0/8,-,-,-,-,-,-,Clear
SEMNAN,14/01/2021,03Z,0.6,58%,1023.8 Hpa,calm.,,0/8,-,-,-,-,-,-1.0,Clear
SEMNAN,14/01/2021,00Z,1.8,39%,1022.8 Hpa,calm.,,0/8,-,-,-,-,-,-,Clear
SHAHRE-KORD,14/01/2021,21Z,9.1,8%,1011.3 Hpa,210º (SW),28.8,0/8,-,-,-,-,-,-,Clear
SHAHRE-KORD,14/01/2021,18Z,6.3,13%,1018.5 Hpa,200º (S ),21.6,1/8,-,-,CI,-,-,-,Few clouds
SHAHRE-KORD,14/01/2021,15Z,6.7,11%,1022.5 Hpa,110º (E ),10.8,3/8,-,-,CI,-,13.1,-,Scattered clouds
SHAHRE-KORD,14/01/2021,12Z,12.7,6%,1019.5 Hpa,150º (SE),18.0,6/8,-,-,CI,-,-,-,Cloudy
SHAHRE-KORD,14/01/2021,09Z,10.4,16%,1020.2 Hpa,350º (N ),3.6,5/8,-,-,CI,-,-,-,Cloudy
SHAHRE-KORD,14/01/2021,06Z,-1.9,40%,1028.6 Hpa,130º (SE),7.2,5/8,-,-,CS,-,-,-,Cloudy
SHAHRE-KORD,14/01/2021,03Z,-12.0,59%,1030.0 Hpa,calm.,,0/8,-,-,-,-,-,-13.6,Clear
SHAHRE-KORD,14/01/2021,00Z,-12.8,58%,1023.5 Hpa,070º (E ),3.6,0/8,-,-,-,-,-,-,Clear
SHAHRUD,14/01/2021,21Z,4.2,39%,1017.5 Hpa,230º (SW),7.2,4/8,2/8 SC,-,CI,-,-,-,Scattered clouds
SHAHRUD,14/01/2021,18Z,3.6,45%,1019.4 Hpa,030º (NE),7.2,8/8,3/8 SC,-,CS,-,-,-,Overcast
SHAHRUD,14/01/2021,15Z,4.8,34%,1020.2 Hpa,260º (W ),7.2,7/8,2/8 SC,-,CI,-,9.4,-,Cloudy
SHAHRUD,14/01/2021,12Z,8.0,24%,1019.3 Hpa,240º (SW),10.8,7/8,2/8 SC,-,CI,-,-,-,Cloudy
SHAHRUD,14/01/2021,09Z,8.0,29%,1020.5 Hpa,230º (SW),10.8,2/8,-,-,CI,-,-,-,Few clouds
SHAHRUD,14/01/2021,06Z,3.8,43%,1023.4 Hpa,190º (S ),7.2,1/8,-,-,CI,-,-,-,Few clouds
SHAHRUD,14/01/2021,03Z,-2.2,62%,1023.8 Hpa,calm.,,0/8,-,-,-,-,-,-2.4,Clear
SHAHRUD,14/01/2021,00Z,-1.4,57%,1022.2 Hpa,calm.,,0/8,-,-,-,-,-,-,Clear
SHIRAZ,14/01/2021,21Z,2.2,44%,1017.7 Hpa,calm.,,0/8,-,-,-,-,-,-,Clear
SHIRAZ,14/01/2021,18Z,4.8,38%,1019.9 Hpa,calm.,,0/8,-,-,-,-,-,-,Clear
SHIRAZ,14/01/2021,15Z,9.4,29%,1020.3 Hpa,calm.,,5/8,-,-,CI,-,18.0,-,Cloudy
SHIRAZ,14/01/2021,12Z,17.6,8%,1016.7 Hpa,calm.,,4/8,-,-,CI,-,-,-,"Scattered clouds, haze"
SHIRAZ,14/01/2021,09Z,14.6,17%,1018.7 Hpa,210º (SW),7.2,2/8,-,-,CI,-,-,-,"Few clouds, haze"
SHIRAZ,14/01/2021,06Z,5.4,50%,1023.9 Hpa,calm.,,2/8,-,-,CI,-,-,-,"Few clouds, haze"
SHIRAZ,14/01/2021,03Z,-3.0,66%,1024.3 Hpa,calm.,,0/8,-,-,-,-,-,-3.2,Clear
SHIRAZ,14/01/2021,00Z,-1.2,51%,1020.4 Hpa,calm.,,0/8,-,-,-,-,-,-,Clear
SIRI ISLAND,14/01/2021,15Z,22.0,65%,1015.2 Hpa,330º (NW),18.0,1/8,1/8 SC,-,-,-,24.2,-,Few clouds
SIRI ISLAND,14/01/2021,12Z,23.6,146%,1014.5 Hpa,330º (NW),10.8,2/8,2/8 SC,-,-,-,-,-,Few clouds
SIRI ISLAND,14/01/2021,09Z,23.8,58%,1016.0 Hpa,330º (NW),14.4,2/8,2/8 SC,-,-,-,-,-,Few clouds
SIRI ISLAND,14/01/2021,06Z,22.6,155%,1018.6 Hpa,330º (NW),10.8,2/8,2/8 SC,-,-,-,-,-,Few clouds
SIRI ISLAND,14/01/2021,03Z,19.8,88%,1017.1 Hpa,calm.,,1/8,1/8 SC,-,-,-,-,19.6,"Few clouds, mist"
SIRJAN,14/01/2021,21Z,0.3,25%,1019.7 Hpa,070º (E ),7.2,0/8,-,-,-,-,-,-,Clear
SIRJAN,14/01/2021,18Z,4.1,19%,1018.4 Hpa,040º (NE),10.8,0/8,-,-,-,-,-,-,Clear
SIRJAN,14/01/2021,15Z,8.2,16%,1020.7 Hpa,calm.,,2/8,-,-,CI,-,16.9,-,Few clouds
SIRJAN,14/01/2021,12Z,16.1,9%,1016.8 Hpa,210º (SW),7.2,0/8,-,-,-,-,-,-,Clear
SIRJAN,14/01/2021,09Z,12.5,14%,1020.5 Hpa,calm.,,0/8,-,-,-,-,-,-,Clear
SIRJAN,14/01/2021,06Z,8.4,19%,1022.6 Hpa,calm.,,0/8,-,-,-,-,-,-,Clear
SIRJAN,14/01/2021,03Z,-5.8,38%,1023.7 Hpa,calm.,,0/8,-,-,-,-,-,-5.8,Clear
SIRJAN,14/01/2021,00Z,-1.9,33%,1019.6 Hpa,calm.,,0/8,-,-,-,-,-,-,Clear
TABAS,14/01/2021,21Z,5.3,12%,1018.1 Hpa,calm.,,1/8,-,-,CI,-,-,-,Few clouds
TABAS,14/01/2021,18Z,5.7,14%,1019.1 Hpa,calm.,,1/8,-,-,CI,-,-,-,Few clouds
TABAS,14/01/2021,15Z,8.4,16%,1019.5 Hpa,calm.,,1/8,-,-,CI,-,17.0,-,Few clouds
TABAS,14/01/2021,12Z,15.7,10%,1018.2 Hpa,calm.,,1/8,-,-,CI,-,-,-,Few clouds
TABAS,14/01/2021,09Z,12.0,15%,1020.5 Hpa,calm.,,0/8,-,-,-,-,-,-,Clear
TABAS,14/01/2021,06Z,6.2,18%,1024.3 Hpa,calm.,,0/8,-,-,-,-,-,-,Clear
TABAS,14/01/2021,03Z,-0.7,24%,1023.7 Hpa,calm.,,0/8,-,-,-,-,-,-1.1,Clear
TABAS,14/01/2021,00Z,0.4,20%,1021.8 Hpa,calm.,,0/8,-,-,-,-,-,-,Clear
TABRIZ,14/01/2021,21Z,5.6,58%,1009.2 Hpa,270º (W ),14.4,7/8,3/8 CB,AC,-,-,-,-,Cloudy
TABRIZ,14/01/2021,18Z,7.4,43%,1012.0 Hpa,180º (S ),21.6,7/8,3/8 CB,AC,-,-,-,-,Cloudy
TABRIZ,14/01/2021,15Z,6.2,51%,1012.6 Hpa,200º (S ),7.2,6/8,2/8 CB,AC,-,-,13.0,-,Cloudy
TABRIZ,14/01/2021,12Z,11.0,31%,1009.3 Hpa,240º (SW),10.8,6/8,2/8 CB,AC,-,-,-,-,Cloudy
TABRIZ,14/01/2021,09Z,11.8,33%,1011.2 Hpa,190º (S ),25.2,5/8,1/8 CU,AC,CI,-,-,-,Cloudy
TABRIZ,14/01/2021,06Z,3.6,72%,1015.5 Hpa,calm.,,6/8,2/8 CU,AC,-,-,-,-,"Cloudy, haze"
TABRIZ,14/01/2021,03Z,1.4,79%,1016.8 Hpa,060º (NE),7.2,4/8,1/8 SC,-,CI,-,-,0.4,"Scattered clouds, mist"
TABRIZ,14/01/2021,00Z,2.0,77%,1016.4 Hpa,080º (E ),7.2,4/8,1/8 SC,-,CI,-,-,-,"Scattered clouds, haze"
TEHRAN-MEHRABAD,14/01/2021,21Z,5.8,39%,1016.2 Hpa,290º (W ),10.8,7/8,-,3/8 AC,CI,-,-,-,"Cloudy, haze"
TEHRAN-MEHRABAD,14/01/2021,18Z,5.9,38%,1017.7 Hpa,270º (W ),10.8,7/8,-,3/8 AC,CI,-,-,-,"Cloudy, haze"
TEHRAN-MEHRABAD,14/01/2021,15Z,6.8,39%,1017.4 Hpa,170º (S ),10.8,7/8,-,3/8 AC,CI,-,10.7,-,"Cloudy, haze"
TEHRAN-MEHRABAD,14/01/2021,12Z,9.2,35%,1016.9 Hpa,180º (S ),10.8,7/8,-,3/8 AC,CI,-,-,-,"Cloudy, haze"
TEHRAN-MEHRABAD,14/01/2021,09Z,9.8,31%,1018.5 Hpa,200º (S ),10.8,5/8,-,2/8 AC,CI,-,-,-,"Cloudy, haze"
TEHRAN-MEHRABAD,14/01/2021,06Z,5.9,44%,1021.5 Hpa,150º (SE),7.2,7/8,-,2/8 AC,CI,-,-,-,"Cloudy, haze"
TEHRAN-MEHRABAD,14/01/2021,03Z,2.2,62%,1021.0 Hpa,calm.,,0/8,-,-,-,-,-,1.5,"Clear, haze"
TEHRAN-MEHRABAD,14/01/2021,00Z,2.2,59%,1020.8 Hpa,280º (W ),7.2,0/8,-,-,-,-,-,-,"Clear, haze"
TORBAT-HEYDARIEH,14/01/2021,21Z,-2.1,35%,1016.9 Hpa,010º (N),7.2,0/8,-,-,-,-,-,-,Clear
TORBAT-HEYDARIEH,14/01/2021,18Z,-1.6,35%,1018.9 Hpa,330º (NW),7.2,0/8,-,-,-,-,-,-,Clear
TORBAT-HEYDARIEH,14/01/2021,15Z,2.0,26%,1021.5 Hpa,calm.,,0/8,-,-,-,-,15.5,-,Clear
TORBAT-HEYDARIEH,14/01/2021,12Z,14.1,10%,1017.0 Hpa,200º (S ),18.0,0/8,-,-,-,-,-,-,Clear
TORBAT-HEYDARIEH,14/01/2021,09Z,15.1,8%,1017.5 Hpa,220º (SW),7.2,0/8,-,-,-,-,-,-,Clear
TORBAT-HEYDARIEH,14/01/2021,06Z,11.4,26%,1021.0 Hpa,calm.,,1/8,-,-,CI,-,-,-,Few clouds
TORBAT-HEYDARIEH,14/01/2021,03Z,-1.5,55%,1023.4 Hpa,calm.,,0/8,-,-,-,-,-,-2.0,Clear
TORBAT-HEYDARIEH,14/01/2021,00Z,-1.0,49%,1019.7 Hpa,310º (NW),7.2,0/8,-,-,-,-,-,-,Clear
YASOGE,14/01/2021,21Z,2.6,22%,1018.5 Hpa,calm.,,0/8,-,-,-,-,-,-,Clear
YASOGE,14/01/2021,18Z,5.0,16%,1020.6 Hpa,170º (S ),7.2,1/8,-,1/8 AC,-,-,-,-,Few clouds
YASOGE,14/01/2021,15Z,8.6,14%,1021.7 Hpa,080º (E ),14.4,2/8,-,2/8 AC,-,-,16.2,-,Few clouds
YASOGE,14/01/2021,12Z,15.8,6%,1018.3 Hpa,170º (S ),14.4,4/8,1/8 CU,AC,-,-,-,-,Scattered clouds
YASOGE,14/01/2021,09Z,11.4,16%,1021.7 Hpa,calm.,,4/8,-,4/8 AC,-,-,-,-,Scattered clouds
YASOGE,14/01/2021,06Z,3.4,33%,1024.1 Hpa,calm.,,4/8,-,1/8 AC,CI,-,-,-,Scattered clouds
YASOGE,14/01/2021,03Z,-4.0,43%,1027.1 Hpa,calm.,,0/8,-,-,-,-,-,-4.0,Clear
YASOGE,14/01/2021,00Z,-2.0,45%,1022.5 Hpa,calm.,,0/8,-,-,-,-,-,-,Clear
YAZD,14/01/2021,21Z,7.6,16%,1014.9 Hpa,160º (S ),10.8,5/8,-,-,CI,-,-,-,Cloudy
YAZD,14/01/2021,18Z,9.7,14%,1017.4 Hpa,120º (SE),10.8,2/8,-,-,CI,-,-,-,Few clouds
YAZD,14/01/2021,15Z,13.0,11%,1017.6 Hpa,140º (SE),7.2,6/8,-,-,CI,-,19.4,-,Cloudy
YAZD,14/01/2021,12Z,19.0,5%,1015.6 Hpa,120º (SE),10.8,4/8,-,-,CI,-,-,-,Scattered clouds
YAZD,14/01/2021,09Z,16.0,8%,1017.7 Hpa,110º (E ),18.0,3/8,-,-,CI,-,-,-,Scattered clouds
YAZD,14/01/2021,06Z,5.9,16%,1023.9 Hpa,130º (SE),14.4,0/8,-,-,-,-,-,-,Clear
YAZD,14/01/2021,03Z,0.4,27%,1024.3 Hpa,160º (S ),7.2,0/8,-,-,-,-,-,-2.1,Clear
YAZD,14/01/2021,00Z,0.5,29%,1021.7 Hpa,120º (SE),10.8,0/8,-,-,-,-,-,-,Clear
ZABOL,14/01/2021,21Z,-0.2,30%,1020.9 Hpa,120º (SE),36.0,0/8,-,-,-,-,-,-,Clear
ZABOL,14/01/2021,18Z,3.3,25%,1021.7 Hpa,calm.,,0/8,-,-,-,-,-,-,Clear
ZABOL,14/01/2021,15Z,7.8,20%,1021.7 Hpa,040º (NE),7.2,0/8,-,-,-,-,18.6,-,Clear
ZABOL,14/01/2021,12Z,17.7,11%,1019.1 Hpa,060º (NE),7.2,1/8,-,1/8 AC,-,-,-,-,Few clouds
ZABOL,14/01/2021,09Z,15.8,12%,1020.7 Hpa,110º (E ),7.2,0/8,-,-,-,-,-,-,Clear
ZABOL,14/01/2021,06Z,7.2,19%,1025.6 Hpa,030º (NE),10.8,0/8,-,-,-,-,-,-,Clear
ZABOL,14/01/2021,03Z,-4.8,40%,1026.3 Hpa,350º (N ),7.2,0/8,-,-,-,-,-,-4.8,Clear
ZABOL,14/01/2021,00Z,-3.2,42%,1023.9 Hpa,050º (NE),7.2,0/8,-,-,-,-,-,-,Clear
ZAHEDAN,14/01/2021,21Z,-1.2,14%,1018.6 Hpa,180º (S ),7.2,0/8,-,-,-,-,-,-,Clear
ZAHEDAN,14/01/2021,18Z,0.8,12%,1020.8 Hpa,180º (S ),10.8,0/8,-,-,-,-,-,-,Clear
ZAHEDAN,14/01/2021,15Z,10.2,7%,1021.8 Hpa,060º (NE),10.8,0/8,-,-,-,-,18.8,-,Clear
ZAHEDAN,14/01/2021,12Z,17.6,5%,1017.8 Hpa,010º (N),14.4,1/8,-,1/8 AC,-,-,-,-,Few clouds
ZAHEDAN,14/01/2021,09Z,17.6,4%,1018.2 Hpa,calm.,,0/8,-,-,-,-,-,-,Clear
ZAHEDAN,14/01/2021,06Z,10.6,6%,1023.6 Hpa,calm.,,1/8,-,1/8 AC,-,-,-,-,Few clouds
ZAHEDAN,14/01/2021,03Z,-5.3,21%,1025.1 Hpa,190º (S ),7.2,0/8,-,-,-,-,-,-5.6,Clear
ZAHEDAN,14/01/2021,00Z,-4.2,18%,1021.6 Hpa,170º (S ),7.2,0/8,-,-,-,-,-,-,Clear
ZANJAN,14/01/2021,21Z,2.0,50%,1010.0 Hpa,110º (E ),3.6,3/8,-,3/8 AC,CI,-,-,-,Scattered clouds
ZANJAN,14/01/2021,18Z,3.0,57%,1013.5 Hpa,110º (E ),7.2,7/8,-,5/8 AC,CI,-,-,-,Cloudy
ZANJAN,14/01/2021,15Z,5.3,46%,1013.2 Hpa,100º (E ),7.2,7/8,-,5/8 AC,CI,-,16.1,-,Cloudy
ZANJAN,14/01/2021,12Z,12.2,29%,1009.6 Hpa,120º (SE),7.2,6/8,-,5/8 AC,CI,-,-,-,Cloudy
ZANJAN,14/01/2021,09Z,14.5,16%,1012.4 Hpa,110º (E ),7.2,5/8,-,2/8 AC,CI,-,-,-,Cloudy
ZANJAN,14/01/2021,06Z,6.3,49%,1017.1 Hpa,100º (E ),3.6,5/8,-,1/8 AC,CI,-,-,-,Cloudy
ZANJAN,14/01/2021,03Z,1.8,65%,1017.2 Hpa,100º (E ),7.2,1/8,-,-,CI,-,-,0.9,Few clouds
ZANJAN,14/01/2021,00Z,1.9,67%,1014.7 Hpa,090º (E ),7.2,1/8,-,-,CI,-,-,-,Few clouds
