Station ∆,Date,UTC time,Temp. (ºC),Rel. Hum. (%),Pressure/ Geopot.,Wind dir,Wins speed (Km/h),Clouds,Low clouds,Medium clouds,High clouds,Prec. (mm),Max temp. (ºC),Min temp. (ºC),Conditions
ABADAN,14/09/2022,21Z,29.6,70%,1004.1 Hpa,090º (E ),3.6,0/8,-,-,-,-,-,-,"Clear, haze"
ABADAN,14/09/2022,18Z,31.4,57%,1004.2 Hpa,250º (W ),7.2,0/8,-,-,-,-,-,-,Clear
ABADAN,14/09/2022,15Z,38.4,30%,1002.7 Hpa,130º (SE),10.8,2/8,-,2/8 AC,-,-,45.8,-,"Few clouds, haze"
ABADAN,14/09/2022,12Z,44.8,11%,1002.5 Hpa,120º (SE),18.0,0/8,-,-,-,-,-,-,Clear
ABADAN,14/09/2022,09Z,45.2,11%,1003.6 Hpa,170º (S ),14.4,0/8,-,-,-,-,-,-,Clear
ABADAN,14/09/2022,06Z,37.4,44%,1004.3 Hpa,160º (S ),10.8,0/8,-,-,-,-,-,-,"Clear, haze"
ABADAN,14/09/2022,03Z,29.7,97%,1003.0 Hpa,160º (S ),10.8,0/8,-,-,-,-,-,29.3,"Clear, mist"
ABADAN,14/09/2022,00Z,29.4,86%,1002.2 Hpa,170º (S ),7.2,0/8,-,-,-,-,-,-,"Clear, haze"
ABADEH,14/09/2022,21Z,19.7,19%,1003.3 Hpa,330º (NW),7.2,0/8,-,-,-,-,-,-,Clear
ABADEH,14/09/2022,18Z,23.3,17%,1003.2 Hpa,260º (W ),14.4,0/8,-,-,-,-,-,-,Clear
ABADEH,14/09/2022,15Z,28.0,12%,1002.6 Hpa,010º (N),10.8,2/8,1/8 CU,AC,-,-,31.6,-,Few clouds
ABADEH,14/09/2022,12Z,31.6,10%,1000.1 Hpa,350º (N ),7.2,1/8,1/8 CU,-,-,-,-,-,Few clouds
ABADEH,14/09/2022,09Z,30.6,11%,1001.4 Hpa,110º (E ),7.2,0/8,-,-,-,-,-,-,Clear
ABADEH,14/09/2022,06Z,25.5,15%,1003.7 Hpa,330º (NW),10.8,0/8,-,-,-,-,-,-,Clear
ABADEH,14/09/2022,03Z,15.7,25%,1006.1 Hpa,320º (NW),7.2,0/8,-,-,-,-,-,15.6,Clear
ABADEH,14/09/2022,00Z,16.8,22%,1003.0 Hpa,320º (NW),7.2,0/8,-,-,-,-,-,-,Clear
ABU MUSA,14/09/2022,15Z,32.8,81%,1001.6 Hpa,300º (NW),7.2,0/8,-,-,-,-,38.0,-,"Clear, mist"
ABU MUSA,14/09/2022,12Z,35.4,74%,1001.8 Hpa,280º (W ),7.2,0/8,-,-,-,-,-,-,"Clear, haze"
ABU MUSA,14/09/2022,09Z,37.6,52%,1003.6 Hpa,150º (SE),7.2,0/8,-,-,-,-,-,-,"Clear, haze"
ABU MUSA,14/09/2022,06Z,33.2,83%,1004.0 Hpa,080º (E ),18.0,1/8,1/8 CU,-,-,-,-,-,"Few clouds, haze"
ABU MUSA,14/09/2022,03Z,30.0,89%,1002.3 Hpa,060º (NE),18.0,0/8,-,-,-,-,-,29.6,"Clear, mist"
AHAR,14/09/2022,21Z,18.0,50%,1007.1 Hpa,070º (E ),10.8,4/8,4/8 SC,-,-,-,-,-,Scattered clouds
AHAR,14/09/2022,18Z,19.1,59%,1008.1 Hpa,050º (NE),14.4,4/8,4/8 SC,-,-,-,-,-,Scattered clouds
AHAR,14/09/2022,15Z,22.4,46%,1006.2 Hpa,080º (E ),21.6,0/8,-,-,-,-,32.5,-,Clear
AHAR,14/09/2022,12Z,31.9,0%,1000.4 Hpa,250º (W ),28.8,0/8,-,-,-,-,-,-,Clear
AHAR,14/09/2022,09Z,31.1,3%,1000.4 Hpa,210º (SW),36.0,0/8,-,-,-,-,-,-,Clear
AHAR,14/09/2022,06Z,23.0,19%,1002.9 Hpa,110º (E ),7.2,0/8,-,-,-,-,-,-,Clear
AHAR,14/09/2022,03Z,13.5,27%,1003.5 Hpa,340º (N ),3.6,0/8,-,-,-,-,-,13.5,Clear
AHAR,14/09/2022,00Z,17.5,18%,1001.5 Hpa,330º (NW),3.6,0/8,-,-,-,-,-,-,Clear
AHWAZ,14/09/2022,21Z,33.7,30%,1003.1 Hpa,220º (SW),10.8,0/8,-,-,-,-,-,-,Clear
AHWAZ,14/09/2022,18Z,35.1,24%,1003.0 Hpa,210º (SW),10.8,0/8,-,-,-,-,-,-,Clear
AHWAZ,14/09/2022,15Z,41.4,17%,1001.8 Hpa,170º (S ),10.8,0/8,-,-,-,-,45.3,-,Clear
AHWAZ,14/09/2022,12Z,44.7,18%,1001.9 Hpa,170º (S ),10.8,0/8,-,-,-,-,-,-,Clear
AHWAZ,14/09/2022,09Z,42.9,22%,1003.5 Hpa,130º (SE),10.8,0/8,-,-,-,-,-,-,Clear
AHWAZ,14/09/2022,06Z,33.3,75%,1004.7 Hpa,140º (SE),7.2,0/8,-,-,-,-,-,-,"Clear, haze"
AHWAZ,14/09/2022,03Z,28.0,78%,1002.4 Hpa,140º (SE),7.2,0/8,-,-,-,-,-,27.8,"Clear, haze"
AHWAZ,14/09/2022,00Z,30.0,69%,1001.2 Hpa,140º (SE),10.8,0/8,-,-,-,-,-,-,"Clear, haze"
ALI-GOODARZ,14/09/2022,21Z,20.7,21%,1003.0 Hpa,120º (SE),25.2,0/8,-,-,-,-,-,-,Clear
ALI-GOODARZ,14/09/2022,18Z,24.6,18%,1004.4 Hpa,190º (S ),10.8,0/8,-,-,-,-,-,-,Clear
ALI-GOODARZ,14/09/2022,15Z,26.3,15%,1005.5 Hpa,250º (W ),10.8,0/8,-,-,-,-,31.0,-,Clear
ALI-GOODARZ,14/09/2022,12Z,30.1,13%,1003.1 Hpa,220º (SW),18.0,1/8,1/8 CU,-,-,-,-,-,Few clouds
ALI-GOODARZ,14/09/2022,09Z,29.2,13%,1003.9 Hpa,280º (W ),7.2,2/8,2/8 CU,-,-,-,-,-,Few clouds
ALI-GOODARZ,14/09/2022,06Z,24.3,19%,1005.7 Hpa,100º (E ),21.6,0/8,-,-,-,-,-,-,Clear
ALI-GOODARZ,14/09/2022,03Z,16.2,23%,1006.8 Hpa,100º (E ),25.2,0/8,-,-,-,-,-,15.8,Clear
ALI-GOODARZ,14/09/2022,00Z,16.2,23%,1004.8 Hpa,100º (E ),14.4,0/8,-,-,-,-,-,-,Clear
ANZALI,14/09/2022,21Z,24.8,80%,1013.2 Hpa,060º (NE),14.4,7/8,5/8 CB,AC,-,-,-,-,Cloudy
ANZALI,14/09/2022,18Z,25.9,68%,1012.2 Hpa,020º (N),7.2,7/8,5/8 CB,AC,-,-,-,-,Cloudy
ANZALI,14/09/2022,15Z,26.0,76%,1008.7 Hpa,320º (NW),14.4,7/8,4/8 CB,AC,-,-,29.2,-,Cloudy
ANZALI,14/09/2022,12Z,26.1,126%,1004.9 Hpa,010º (N),14.4,8/8,4/8 CB,AC,,-,-,-,Overcast
ANZALI,14/09/2022,09Z,29.1,67%,1004.5 Hpa,030º (NE),10.8,7/8,4/8 CU/SC,AC,-,-,-,-,Cloudy
ANZALI,14/09/2022,06Z,26.9,119%,1005.7 Hpa,300º (NW),7.2,6/8,4/8 CU/SC,AC,-,-,-,-,Cloudy
ANZALI,14/09/2022,03Z,24.7,78%,1005.4 Hpa,270º (W ),3.6,6/8,2/8 SC,AC,-,-,-,23.6,Cloudy
ANZALI,14/09/2022,00Z,24.9,80%,1004.8 Hpa,280º (W ),3.6,6/8,6/8 SC,-,-,-,-,-,Cloudy
ARAK,14/09/2022,21Z,26.3,18%,999.3 Hpa,220º (SW),10.8,0/8,-,-,-,-,-,-,"Clear, dust"
ARAK,14/09/2022,18Z,27.6,17%,1000.9 Hpa,230º (SW),14.4,0/8,-,-,-,-,-,-,"Clear, dust"
ARAK,14/09/2022,15Z,30.1,17%,1002.3 Hpa,240º (SW),14.4,1/8,1/8 SC,-,-,-,33.7,-,"Few clouds, haze"
ARAK,14/09/2022,12Z,33.0,15%,1000.5 Hpa,310º (NW),14.4,2/8,2/8 SC,-,-,-,-,-,"Few clouds, haze"
ARAK,14/09/2022,09Z,32.7,16%,999.1 Hpa,290º (W ),14.4,1/8,1/8 CU,-,-,-,-,-,"Few clouds, haze"
ARAK,14/09/2022,06Z,28.0,18%,1002.7 Hpa,020º (N),3.6,0/8,-,-,-,-,-,-,"Clear, haze"
ARAK,14/09/2022,03Z,16.7,25%,1004.2 Hpa,240º (SW),3.6,0/8,-,-,-,-,-,15.4,"Clear, haze"
ARAK,14/09/2022,00Z,18.1,22%,1002.2 Hpa,220º (SW),3.6,0/8,-,-,-,-,-,-,Clear
ARDEBIL,14/09/2022,21Z,15.8,93%,1004.6 Hpa,060º (NE),25.2,7/8,7/8 ST,-,-,-,-,-,"Cloudy, fog"
ARDEBIL,14/09/2022,18Z,16.2,92%,1004.7 Hpa,030º (NE),25.2,7/8,7/8 ST,-,-,-,-,-,"Cloudy, fog"
ARDEBIL,14/09/2022,15Z,17.8,88%,1001.2 Hpa,060º (NE),36.0,3/8,3/8 ST,-,-,-,33.6,-,"Scattered clouds, fog"
ARDEBIL,14/09/2022,12Z,32.8,14%,996.2 Hpa,210º (SW),46.8,3/8,3/8 CB,-,-,-,-,-,"Scattered clouds, dust"
ARDEBIL,14/09/2022,09Z,32.8,15%,997.4 Hpa,210º (SW),39.6,1/8,1/8 CU,-,CI,-,-,-,"Few clouds, dust storm"
ARDEBIL,14/09/2022,06Z,28.6,21%,999.1 Hpa,210º (SW),25.2,0/8,-,-,-,-,-,-,Clear
ARDEBIL,14/09/2022,03Z,19.6,33%,1001.2 Hpa,180º (S ),25.2,0/8,-,-,-,-,-,13.6,Clear
ARDEBIL,14/09/2022,00Z,20.2,32%,998.7 Hpa,180º (S ),25.2,0/8,-,-,-,-,-,-,Clear
BABULSAR,14/09/2022,21Z,26.4,73%,1011.5 Hpa,250º (W ),14.4,7/8,4/8 ST,AC,-,-,-,-,Cloudy
BABULSAR,14/09/2022,18Z,27.2,71%,1008.9 Hpa,290º (W ),14.4,8/8,6/8 ST,AC,,-,-,-,Overcast
BABULSAR,14/09/2022,15Z,27.4,75%,1004.0 Hpa,290º (W ),10.8,7/8,1/8 ST,AC,-,-,30.0,-,Cloudy
BABULSAR,14/09/2022,12Z,29.2,71%,1003.0 Hpa,350º (N ),10.8,0/8,-,-,-,-,-,-,Clear
BABULSAR,14/09/2022,09Z,29.2,71%,1003.8 Hpa,280º (W ),10.8,7/8,7/8 ST,-,-,-,-,-,Cloudy
BABULSAR,14/09/2022,06Z,26.4,81%,1005.2 Hpa,calm.,,6/8,6/8 ST,-,-,-,-,-,Cloudy
BABULSAR,14/09/2022,03Z,22.2,91%,1004.3 Hpa,calm.,,4/8,4/8 ST,-,-,-,-,21.8,Scattered clouds
BABULSAR,14/09/2022,00Z,23.0,92%,1003.3 Hpa,calm.,,3/8,3/8 ST,-,-,-,-,-,Scattered clouds
BAFT,14/09/2022,21Z,22.4,19%,999.9 Hpa,120º (SE),18.0,3/8,-,3/8 AC,-,-,-,-,Scattered clouds
BAFT,14/09/2022,18Z,24.0,16%,1001.7 Hpa,090º (E ),10.8,2/8,2/8 SC,-,-,-,-,-,Few clouds
BAFT,14/09/2022,15Z,25.8,13%,1002.2 Hpa,360º (N ),10.8,3/8,3/8 SC,-,-,-,29.0,-,Scattered clouds
BAFT,14/09/2022,12Z,28.0,13%,1001.5 Hpa,270º (W ),18.0,3/8,3/8 CU,-,-,-,-,-,Scattered clouds
BAFT,14/09/2022,09Z,27.6,17%,1001.2 Hpa,270º (W ),18.0,3/8,3/8 CU,-,-,-,-,-,Scattered clouds
BAFT,14/09/2022,06Z,21.6,33%,1004.3 Hpa,270º (W ),10.8,2/8,2/8 CU,-,-,-,-,-,Few clouds
BAFT,14/09/2022,03Z,17.6,49%,1004.3 Hpa,calm.,,1/8,1/8 SC,-,-,-,-,14.8,Few clouds
BAFT,14/09/2022,00Z,15.4,46%,1003.4 Hpa,calm.,,2/8,2/8 SC,-,-,-,-,-,Few clouds
BAM,14/09/2022,21Z,29.0,10%,1001.9 Hpa,280º (W ),10.8,0/8,-,-,-,-,-,-,Clear
BAM,14/09/2022,18Z,30.9,9%,1002.4 Hpa,270º (W ),7.2,0/8,-,-,-,-,-,-,Clear
BAM,14/09/2022,15Z,34.8,8%,1001.8 Hpa,010º (N),7.2,0/8,-,-,-,-,38.7,-,Clear
BAM,14/09/2022,12Z,37.8,7%,1000.4 Hpa,010º (N),10.8,1/8,1/8 SC,-,-,-,-,-,Few clouds
BAM,14/09/2022,09Z,37.8,8%,1001.7 Hpa,120º (SE),7.2,1/8,1/8 CU,-,-,-,-,-,Few clouds
BAM,14/09/2022,06Z,35.3,10%,1003.2 Hpa,calm.,,0/8,-,-,-,-,-,-,Clear
BAM,14/09/2022,03Z,27.0,20%,1003.3 Hpa,280º (W ),14.4,2/8,-,2/8 AC,-,-,-,26.2,Few clouds
BAM,14/09/2022,00Z,27.7,17%,1001.6 Hpa,280º (W ),10.8,2/8,2/8 SC,-,-,-,-,-,Few clouds
BANDAR LENGEH,14/09/2022,21Z,,0%,1002.0 Hpa,330º (NW),10.8,0/8,-,-,-,-,-,-,"Clear, haze"
BANDAR LENGEH,14/09/2022,18Z,32.6,65%,1002.0 Hpa,300º (NW),14.4,0/8,-,-,-,-,-,-,"Clear, haze"
BANDAR LENGEH,14/09/2022,15Z,33.7,61%,1001.6 Hpa,270º (W ),14.4,0/8,-,-,-,-,37.2,-,"Clear, haze"
BANDAR LENGEH,14/09/2022,12Z,34.2,66%,1001.8 Hpa,220º (SW),14.4,0/8,-,-,-,-,-,-,"Clear, haze"
BANDAR LENGEH,14/09/2022,09Z,35.4,65%,1003.5 Hpa,160º (S ),10.8,0/8,-,-,-,-,-,-,"Clear, haze"
BANDAR LENGEH,14/09/2022,06Z,34.0,67%,1004.1 Hpa,100º (E ),21.6,0/8,-,-,-,-,-,-,"Clear, haze"
BANDAR LENGEH,14/09/2022,03Z,30.4,83%,1002.8 Hpa,070º (E ),10.8,0/8,-,-,-,-,-,28.6,"Clear, mist"
BANDAR LENGEH,14/09/2022,00Z,30.8,82%,1001.8 Hpa,080º (E ),10.8,0/8,-,-,-,-,-,-,"Clear, mist"
BANDAR-E-DAYYER,14/09/2022,21Z,30.8,58%,1003.1 Hpa,020º (N),3.6,0/8,-,-,-,-,-,-,Clear
BANDAR-E-DAYYER,14/09/2022,18Z,33.6,57%,1003.9 Hpa,360º (N ),3.6,0/8,-,-,-,-,-,-,Clear
BANDAR-E-DAYYER,14/09/2022,15Z,35.8,61%,1003.1 Hpa,250º (W ),7.2,0/8,-,-,-,-,39.5,-,Clear
BANDAR-E-DAYYER,14/09/2022,12Z,37.4,64%,1003.2 Hpa,240º (SW),18.0,0/8,-,-,-,-,-,-,Clear
BANDAR-E-DAYYER,14/09/2022,09Z,38.4,47%,1004.1 Hpa,220º (SW),10.8,0/8,-,-,-,-,-,-,"Clear, haze"
BANDAR-E-DAYYER,14/09/2022,06Z,37.9,64%,1004.4 Hpa,250º (W ),7.2,0/8,-,-,-,-,-,-,"Clear, haze"
BANDAR-E-DAYYER,14/09/2022,03Z,30.9,50%,1002.9 Hpa,340º (N ),7.2,0/8,-,-,-,-,-,28.8,"Clear, haze"
BANDAR-E-DAYYER,14/09/2022,00Z,30.0,60%,1002.0 Hpa,360º (N ),7.2,0/8,-,-,-,-,-,-,"Clear, haze"
BANDARABBASS,14/09/2022,21Z,30.9,80%,1002.6 Hpa,030º (NE),7.2,0/8,-,-,-,-,-,-,"Clear, mist"
BANDARABBASS,14/09/2022,18Z,31.9,80%,1003.0 Hpa,100º (E ),14.4,1/8,-,1/8 AC,-,-,-,-,"Few clouds, mist"
BANDARABBASS,14/09/2022,15Z,33.0,67%,1001.5 Hpa,180º (S ),14.4,0/8,-,-,-,-,36.9,-,"Clear, haze"
BANDARABBASS,14/09/2022,12Z,35.8,56%,1001.5 Hpa,200º (S ),18.0,0/8,-,-,-,-,-,-,"Clear, haze"
BANDARABBASS,14/09/2022,09Z,35.5,59%,1003.9 Hpa,180º (S ),25.2,0/8,-,-,-,-,-,-,"Clear, haze"
BANDARABBASS,14/09/2022,06Z,33.7,68%,1004.8 Hpa,240º (SW),7.2,2/8,2/8 SC,-,-,-,-,-,"Few clouds, haze"
BANDARABBASS,14/09/2022,03Z,29.3,87%,1004.4 Hpa,330º (NW),7.2,2/8,2/8 SC,-,-,-,-,28.6,"Few clouds, mist"
BANDARABBASS,14/09/2022,00Z,29.5,87%,1003.5 Hpa,030º (NE),10.8,0/8,-,-,-,-,-,-,"Clear, mist"
BIRJAND,14/09/2022,21Z,17.2,15%,1004.1 Hpa,100º (E ),14.4,0/8,-,-,-,-,-,-,Clear
BIRJAND,14/09/2022,18Z,20.6,11%,1004.7 Hpa,110º (E ),7.2,0/8,-,-,-,-,-,-,Clear
BIRJAND,14/09/2022,15Z,28.0,8%,1005.0 Hpa,360º (N ),14.4,0/8,-,-,-,-,34.0,-,Clear
BIRJAND,14/09/2022,12Z,33.4,5%,1003.7 Hpa,350º (N ),14.4,0/8,-,-,-,-,-,-,Clear
BIRJAND,14/09/2022,09Z,33.0,5%,1004.1 Hpa,010º (N),14.4,0/8,-,-,-,-,-,-,Clear
BIRJAND,14/09/2022,06Z,29.3,7%,1005.5 Hpa,calm.,,0/8,-,-,-,-,-,-,Clear
BIRJAND,14/09/2022,03Z,14.6,14%,1007.8 Hpa,120º (SE),10.8,0/8,-,-,-,-,-,10.3,Clear
BIRJAND,14/09/2022,00Z,12.4,16%,1005.1 Hpa,100º (E ),10.8,0/8,-,-,-,-,-,-,Clear
BOJNOURD,14/09/2022,21Z,16.2,25%,1005.9 Hpa,calm.,,0/8,-,-,-,-,-,-,Clear
BOJNOURD,14/09/2022,18Z,19.3,19%,1006.9 Hpa,280º (W ),7.2,0/8,-,-,-,-,-,-,Clear
BOJNOURD,14/09/2022,15Z,28.0,14%,1006.2 Hpa,240º (SW),10.8,0/8,-,-,-,-,34.4,-,Clear
BOJNOURD,14/09/2022,12Z,33.8,8%,1004.4 Hpa,320º (NW),7.2,0/8,-,-,-,-,-,-,Clear
BOJNOURD,14/09/2022,09Z,32.0,12%,1005.4 Hpa,130º (SE),7.2,0/8,-,-,-,-,-,-,Clear
BOJNOURD,14/09/2022,06Z,23.6,19%,1008.2 Hpa,Vble.,,0/8,-,-,-,-,-,-,Clear
BOJNOURD,14/09/2022,03Z,14.0,33%,1008.8 Hpa,Vble.,,0/8,-,-,-,-,-,11.2,Clear
BOJNOURD,14/09/2022,00Z,14.1,34%,1007.0 Hpa,Vble.,,0/8,-,-,-,-,-,-,Clear
BUSHEHR (AIRPORT),14/09/2022,21Z,31.2,68%,1003.6 Hpa,060º (NE),3.6,0/8,-,-,-,-,-,-,Clear
BUSHEHR (AIRPORT),14/09/2022,18Z,30.1,67%,1004.3 Hpa,160º (S ),3.6,0/8,-,-,-,-,-,-,Clear
BUSHEHR (AIRPORT),14/09/2022,15Z,33.9,62%,1003.5 Hpa,calm.,,0/8,-,-,-,-,37.2,-,"Clear, haze"
BUSHEHR (AIRPORT),14/09/2022,12Z,36.4,53%,1003.5 Hpa,300º (NW),18.0,0/8,-,-,-,-,-,-,"Clear, haze"
BUSHEHR (AIRPORT),14/09/2022,09Z,35.7,59%,1005.0 Hpa,280º (W ),18.0,0/8,-,-,-,-,-,-,"Clear, haze"
BUSHEHR (AIRPORT),14/09/2022,06Z,34.0,65%,1004.9 Hpa,320º (NW),10.8,0/8,-,-,-,-,-,-,"Clear, haze"
BUSHEHR (AIRPORT),14/09/2022,03Z,27.8,77%,1003.4 Hpa,calm.,,0/8,-,-,-,-,-,27.1,"Clear, haze"
BUSHEHR (AIRPORT),14/09/2022,00Z,28.2,86%,1002.2 Hpa,140º (SE),7.2,0/8,-,-,-,-,-,-,"Clear, mist"
CHAHBAHAR,14/09/2022,21Z,28.4,89%,1003.4 Hpa,calm.,,2/8,2/8 ST,-,-,-,-,-,"Few clouds, mist"
CHAHBAHAR,14/09/2022,18Z,28.6,86%,1004.0 Hpa,160º (S ),14.4,0/8,-,-,-,-,-,-,"Clear, mist"
CHAHBAHAR,14/09/2022,15Z,29.3,1167%,1001.6 Hpa,190º (S ),10.8,0/8,-,-,-,-,32.7,-,"Clear, mist"
CHAHBAHAR,14/09/2022,12Z,31.0,79%,1000.3 Hpa,220º (SW),21.6,0/8,-,-,-,-,-,-,"Clear, mist"
CHAHBAHAR,14/09/2022,09Z,32.2,1467%,1002.1 Hpa,180º (S ),18.0,0/8,-,-,-,-,-,-,"Clear, haze"
CHAHBAHAR,14/09/2022,06Z,31.3,77%,1003.8 Hpa,170º (S ),18.0,1/8,1/8 CU,-,-,-,-,-,"Few clouds, haze"
CHAHBAHAR,14/09/2022,03Z,28.4,1817%,1003.8 Hpa,calm.,,0/8,-,-,-,-,-,27.9,"Clear, mist"
CHAHBAHAR,14/09/2022,00Z,27.9,82%,1002.8 Hpa,260º (W ),7.2,1/8,1/8 ST,-,-,-,-,-,"Few clouds, mist"
ESFAHAN,14/09/2022,21Z,24.8,18%,1002.5 Hpa,350º (N ),3.6,0/8,-,-,-,-,-,-,Clear
ESFAHAN,14/09/2022,18Z,29.3,15%,1001.7 Hpa,320º (NW),14.4,0/8,-,-,-,-,-,-,Clear
ESFAHAN,14/09/2022,15Z,31.7,12%,1002.6 Hpa,330º (NW),3.6,0/8,-,-,-,-,36.3,-,Clear
ESFAHAN,14/09/2022,12Z,35.7,9%,1001.9 Hpa,240º (SW),3.6,0/8,-,-,-,-,-,-,Clear
ESFAHAN,14/09/2022,09Z,34.8,10%,1003.7 Hpa,040º (NE),7.2,0/8,-,-,-,-,-,-,Clear
ESFAHAN,14/09/2022,06Z,31.1,12%,1005.4 Hpa,350º (N ),14.4,0/8,-,-,-,-,-,-,Clear
ESFAHAN,14/09/2022,03Z,18.7,23%,1006.6 Hpa,330º (NW),7.2,0/8,-,-,-,-,-,17.8,Clear
ESFAHAN,14/09/2022,00Z,19.9,23%,1003.3 Hpa,calm.,,0/8,-,-,-,-,-,-,Clear
FASA,14/09/2022,21Z,23.4,30%,1002.1 Hpa,280º (W ),7.2,0/8,-,-,-,-,-,-,Clear
FASA,14/09/2022,18Z,28.0,22%,1002.9 Hpa,290º (W ),7.2,0/8,-,-,-,-,-,-,Clear
FASA,14/09/2022,15Z,32.6,15%,1002.7 Hpa,270º (W ),18.0,1/8,1/8 SC,-,-,-,36.8,-,"Few clouds, dust"
FASA,14/09/2022,12Z,36.4,14%,1001.4 Hpa,030º (NE),7.2,2/8,2/8 CU,-,-,-,-,-,"Few clouds, dust"
FASA,14/09/2022,09Z,36.2,16%,1002.8 Hpa,230º (SW),7.2,1/8,1/8 CU,-,-,-,-,-,"Few clouds, dust"
FASA,14/09/2022,06Z,30.4,21%,1004.9 Hpa,calm.,,0/8,-,-,-,-,-,-,"Clear, dust"
FASA,14/09/2022,03Z,19.0,40%,1005.5 Hpa,350º (N ),7.2,0/8,-,-,-,-,-,18.8,"Clear, haze"
FASA,14/09/2022,00Z,19.6,35%,1002.8 Hpa,360º (N ),7.2,0/8,-,-,-,-,-,-,"Clear, haze"
FERDOUS,14/09/2022,21Z,22.8,17%,1003.5 Hpa,080º (E ),7.2,0/8,-,-,-,-,-,-,Clear
FERDOUS,14/09/2022,18Z,25.5,14%,1004.3 Hpa,040º (NE),10.8,0/8,-,-,-,-,-,-,Clear
FERDOUS,14/09/2022,15Z,30.2,11%,1004.5 Hpa,330º (NW),7.2,0/8,-,-,-,-,34.0,-,Clear
FERDOUS,14/09/2022,12Z,33.8,8%,1003.4 Hpa,280º (W ),10.8,0/8,-,-,-,-,-,-,Clear
FERDOUS,14/09/2022,09Z,32.5,12%,1004.5 Hpa,300º (NW),14.4,0/8,-,-,-,-,-,-,Clear
FERDOUS,14/09/2022,06Z,28.6,14%,1006.3 Hpa,260º (W ),7.2,0/8,-,-,-,-,-,-,Clear
FERDOUS,14/09/2022,03Z,20.2,23%,1006.5 Hpa,calm.,,0/8,-,-,-,-,-,16.2,Clear
FERDOUS,14/09/2022,00Z,19.5,21%,1004.9 Hpa,050º (NE),10.8,0/8,-,-,-,-,-,-,Clear
GACH SARAN DU GUNBADAN,14/09/2022,21Z,27.0,43%,1001.4 Hpa,calm.,,0/8,-,-,-,-,-,-,Clear
GACH SARAN DU GUNBADAN,14/09/2022,18Z,30.0,34%,1002.3 Hpa,calm.,,0/8,-,-,-,-,-,-,Clear
GACH SARAN DU GUNBADAN,14/09/2022,15Z,34.8,26%,1001.9 Hpa,270º (W ),10.8,0/8,-,-,-,-,39.8,-,Clear
GACH SARAN DU GUNBADAN,14/09/2022,12Z,37.8,26%,1001.0 Hpa,270º (W ),21.6,1/8,1/8 CU,-,-,-,-,-,Few clouds
GACH SARAN DU GUNBADAN,14/09/2022,09Z,38.8,21%,1001.7 Hpa,120º (SE),10.8,1/8,1/8 CU,-,-,-,-,-,Few clouds
GACH SARAN DU GUNBADAN,14/09/2022,06Z,34.2,28%,1002.4 Hpa,150º (SE),10.8,0/8,-,-,-,-,-,-,Clear
GACH SARAN DU GUNBADAN,14/09/2022,03Z,23.6,59%,1001.8 Hpa,calm.,,0/8,-,-,-,-,-,23.2,Clear
GACH SARAN DU GUNBADAN,14/09/2022,00Z,24.4,56%,1000.2 Hpa,calm.,,0/8,-,-,-,-,-,-,Clear
GHARAKHIL,14/09/2022,21Z,25.0,89%,1012.7 Hpa,190º (S ),7.2,8/8,4/8 SC,AC,,-,-,-,Overcast
GHARAKHIL,14/09/2022,18Z,26.4,85%,1010.1 Hpa,280º (W ),10.8,8/8,4/8 SC,AC,,-,-,-,Overcast
GHARAKHIL,14/09/2022,15Z,26.4,84%,1005.2 Hpa,270º (W ),10.8,8/8,5/8 SC,AC,,-,32.0,-,Overcast
GHARAKHIL,14/09/2022,12Z,31.0,68%,1003.2 Hpa,340º (N ),10.8,1/8,-,1/8 AC,-,-,-,-,Few clouds
GHARAKHIL,14/09/2022,09Z,30.0,65%,1004.5 Hpa,300º (NW),7.2,2/8,-,2/8 AC,-,-,-,-,Few clouds
GHARAKHIL,14/09/2022,06Z,27.4,74%,1005.6 Hpa,280º (W ),7.2,5/8,2/8 CU,AC,-,-,-,-,Cloudy
GHARAKHIL,14/09/2022,03Z,20.8,90%,1004.6 Hpa,calm.,,3/8,3/8 SC,-,-,-,-,20.6,Scattered clouds
GHARAKHIL,14/09/2022,00Z,21.2,92%,1003.6 Hpa,calm.,,0/8,-,-,-,-,-,-,Clear
GHAZVIN,14/09/2022,21Z,20.0,55%,1001.7 Hpa,290º (W ),3.6,0/8,-,-,-,-,-,-,Clear
GHAZVIN,14/09/2022,18Z,24.7,26%,1001.9 Hpa,260º (W ),3.6,4/8,2/8 SC,AC,-,-,-,-,Scattered clouds
GHAZVIN,14/09/2022,15Z,30.2,17%,1001.0 Hpa,160º (S ),10.8,6/8,4/8 CU/SC,-,CI,-,35.4,-,Cloudy
GHAZVIN,14/09/2022,12Z,33.4,15%,1000.7 Hpa,150º (SE),14.4,6/8,3/8 SC,-,CI,-,-,-,Cloudy
GHAZVIN,14/09/2022,09Z,33.6,15%,1002.0 Hpa,140º (SE),21.6,1/8,-,1/8 AC,-,-,-,-,Few clouds
GHAZVIN,14/09/2022,06Z,28.1,20%,1004.6 Hpa,110º (E ),14.4,2/8,-,2/8 AC,-,-,-,-,Few clouds
GHAZVIN,14/09/2022,03Z,19.3,31%,1005.8 Hpa,040º (NE),10.8,1/8,-,1/8 AC,-,-,-,17.4,Few clouds
GHAZVIN,14/09/2022,00Z,17.6,33%,1004.3 Hpa,calm.,,0/8,-,-,-,-,-,-,Clear
GHUCHAN,14/09/2022,21Z,18.2,23%,1005.1 Hpa,060º (NE),18.0,0/8,-,-,-,-,-,-,Clear
GHUCHAN,14/09/2022,18Z,16.8,27%,1007.7 Hpa,120º (SE),18.0,0/8,-,-,-,-,-,-,Clear
GHUCHAN,14/09/2022,15Z,25.0,12%,1006.9 Hpa,210º (SW),7.2,0/8,-,-,-,-,32.2,-,Clear
GHUCHAN,14/09/2022,12Z,32.2,9%,1004.1 Hpa,300º (NW),7.2,0/8,-,-,-,-,-,-,Clear
GHUCHAN,14/09/2022,09Z,30.6,12%,1005.0 Hpa,300º (NW),14.4,0/8,-,-,-,-,-,-,Clear
GHUCHAN,14/09/2022,06Z,23.2,19%,1007.5 Hpa,080º (E ),14.4,0/8,-,-,-,-,-,-,Clear
GHUCHAN,14/09/2022,03Z,11.7,32%,1009.4 Hpa,060º (NE),7.2,0/8,-,-,-,-,-,10.7,Clear
GHUCHAN,14/09/2022,00Z,12.9,30%,1006.9 Hpa,060º (NE),10.8,0/8,-,-,-,-,-,-,Clear
GORGAN,14/09/2022,21Z,26.4,74%,1012.1 Hpa,240º (SW),21.6,7/8,3/8 SC,AC,-,-,-,-,Cloudy
GORGAN,14/09/2022,18Z,27.2,83%,1009.2 Hpa,260º (W ),36.0,7/8,3/8 ST,AC,-,-,-,-,"Cloudy, mist"
GORGAN,14/09/2022,15Z,27.6,77%,1004.4 Hpa,270º (W ),14.4,1/8,-,-,CI,-,36.2,-,"Few clouds, haze"
GORGAN,14/09/2022,12Z,35.8,38%,1003.8 Hpa,calm.,,1/8,1/8 CU,-,-,-,-,-,Few clouds
GORGAN,14/09/2022,09Z,32.2,51%,1005.4 Hpa,240º (SW),14.4,1/8,1/8 CU,-,-,-,-,-,"Few clouds, haze"
GORGAN,14/09/2022,06Z,28.6,64%,1006.8 Hpa,270º (W ),18.0,0/8,-,-,-,-,-,-,"Clear, haze"
GORGAN,14/09/2022,03Z,19.0,82%,1006.3 Hpa,calm.,,0/8,-,-,-,-,-,17.2,Clear
GORGAN,14/09/2022,00Z,18.4,83%,1005.2 Hpa,250º (W ),10.8,0/8,-,-,-,-,-,-,Clear
HAMEDAN,14/09/2022,21Z,18.7,29%,1000.7 Hpa,070º (E ),3.6,0/8,-,-,-,-,-,-,Clear
HAMEDAN,14/09/2022,18Z,24.0,20%,1002.0 Hpa,210º (SW),10.8,0/8,-,-,-,-,-,-,Clear
HAMEDAN,14/09/2022,15Z,28.5,13%,1003.2 Hpa,240º (SW),18.0,2/8,2/8 SC,-,CI,-,32.3,-,Few clouds
HAMEDAN,14/09/2022,12Z,31.3,9%,1000.6 Hpa,240º (SW),21.6,2/8,2/8 CU,-,-,-,-,-,"Few clouds, dust"
HAMEDAN,14/09/2022,09Z,31.6,11%,1000.4 Hpa,210º (SW),18.0,2/8,2/8 CU,-,-,-,-,-,Few clouds
HAMEDAN,14/09/2022,06Z,23.5,18%,1003.7 Hpa,330º (NW),3.6,1/8,-,-,CI,-,-,-,Few clouds
HAMEDAN,14/09/2022,03Z,11.0,36%,1005.4 Hpa,120º (SE),7.2,2/8,-,-,CI,-,-,10.7,Few clouds
HAMEDAN,14/09/2022,00Z,13.8,36%,1002.0 Hpa,290º (W ),3.6,0/8,-,-,-,-,-,-,Clear
ILAM,14/09/2022,21Z,20.8,27%,1005.1 Hpa,080º (E ),3.6,0/8,-,-,-,-,-,-,Clear
ILAM,14/09/2022,18Z,23.7,23%,1005.6 Hpa,320º (NW),7.2,0/8,-,-,-,-,-,-,Clear
ILAM,14/09/2022,15Z,30.2,17%,1004.4 Hpa,240º (SW),7.2,0/8,-,-,-,-,34.9,-,Clear
ILAM,14/09/2022,12Z,34.2,15%,1003.1 Hpa,200º (S ),18.0,0/8,-,-,-,-,-,-,Clear
ILAM,14/09/2022,09Z,34.1,13%,1003.8 Hpa,180º (S ),18.0,0/8,-,-,-,-,-,-,Clear
ILAM,14/09/2022,06Z,31.8,14%,1003.9 Hpa,130º (SE),18.0,0/8,-,-,-,-,-,-,Clear
ILAM,14/09/2022,03Z,23.0,21%,1004.2 Hpa,130º (SE),7.2,0/8,-,-,-,-,-,22.1,Clear
ILAM,14/09/2022,00Z,23.6,19%,1002.2 Hpa,120º (SE),7.2,0/8,-,-,-,-,-,-,Clear
IRANSHAHR,14/09/2022,21Z,31.5,13%,1001.7 Hpa,070º (E ),7.2,0/8,-,-,-,-,-,-,Clear
IRANSHAHR,14/09/2022,18Z,34.3,9%,1001.5 Hpa,020º (N),7.2,0/8,-,-,-,-,-,-,Clear
IRANSHAHR,14/09/2022,15Z,39.6,8%,999.8 Hpa,310º (NW),14.4,1/8,-,1/8 AC,-,-,42.8,-,Few clouds
IRANSHAHR,14/09/2022,12Z,42.2,10%,998.8 Hpa,220º (SW),18.0,3/8,1/8 SC,AC,-,-,-,-,Scattered clouds
IRANSHAHR,14/09/2022,09Z,41.1,14%,1000.9 Hpa,calm.,,1/8,1/8 CU,-,-,-,-,-,"Few clouds, haze"
IRANSHAHR,14/09/2022,06Z,35.9,22%,1003.5 Hpa,260º (W ),7.2,0/8,-,-,-,-,-,-,"Clear, haze"
IRANSHAHR,14/09/2022,03Z,29.7,31%,1003.7 Hpa,calm.,,3/8,3/8 SC,-,-,-,-,27.7,"Scattered clouds, haze"
IRANSHAHR,14/09/2022,00Z,28.1,28%,1001.9 Hpa,050º (NE),10.8,5/8,-,5/8 AC,-,-,-,-,"Cloudy, haze"
JASK,14/09/2022,21Z,29.8,89%,1002.7 Hpa,280º (W ),7.2,0/8,-,-,-,-,-,-,"Clear, mist"
JASK,14/09/2022,18Z,30.3,86%,1003.2 Hpa,260º (W ),10.8,0/8,-,-,-,-,-,-,"Clear, mist"
JASK,14/09/2022,15Z,30.3,84%,1001.5 Hpa,250º (W ),10.8,1/8,-,-,CI,-,31.6,-,"Few clouds, mist"
JASK,14/09/2022,12Z,31.2,93%,1001.6 Hpa,230º (SW),14.4,0/8,-,-,-,-,-,-,"Clear, mist"
JASK,14/09/2022,09Z,31.1,86%,1003.8 Hpa,200º (S ),14.4,0/8,-,-,-,-,-,-,"Clear, mist"
JASK,14/09/2022,06Z,30.5,168%,1004.5 Hpa,140º (SE),14.4,0/8,-,-,-,-,-,-,"Clear, mist"
JASK,14/09/2022,03Z,28.8,89%,1003.8 Hpa,120º (SE),14.4,0/8,-,-,-,-,-,28.7,"Clear, mist"
JASK,14/09/2022,00Z,29.1,88%,1002.8 Hpa,110º (E ),18.0,0/8,-,-,-,-,-,-,"Clear, mist"
KAHNUJ,14/09/2022,21Z,32.1,39%,997.9 Hpa,calm.,,0/8,-,-,-,-,-,-,Clear
KAHNUJ,14/09/2022,18Z,34.5,40%,997.4 Hpa,220º (SW),14.4,0/8,-,-,-,-,-,-,Clear
KAHNUJ,14/09/2022,15Z,37.9,31%,995.8 Hpa,180º (S ),21.6,2/8,2/8 SC,-,-,-,43.6,-,Few clouds
KAHNUJ,14/09/2022,12Z,43.4,16%,994.6 Hpa,210º (SW),14.4,2/8,2/8 CU,-,-,-,-,-,Few clouds
KAHNUJ,14/09/2022,09Z,41.8,21%,996.8 Hpa,140º (SE),14.4,0/8,-,-,-,-,-,-,Clear
KAHNUJ,14/09/2022,06Z,37.0,31%,999.4 Hpa,210º (SW),14.4,0/8,-,-,-,-,-,-,Clear
KAHNUJ,14/09/2022,03Z,28.3,46%,999.4 Hpa,calm.,,1/8,-,1/8 AC,-,-,-,28.1,Few clouds
KAHNUJ,14/09/2022,00Z,29.2,44%,997.9 Hpa,190º (S ),14.4,4/8,-,4/8 AC,-,-,-,-,Scattered clouds
KASHAN,14/09/2022,21Z,27.4,15%,1000.9 Hpa,260º (W ),3.6,0/8,-,-,-,-,-,-,Clear
KASHAN,14/09/2022,18Z,29.7,12%,1001.6 Hpa,180º (S ),3.6,0/8,-,-,-,-,-,-,Clear
KASHAN,14/09/2022,15Z,32.9,9%,1001.0 Hpa,040º (NE),3.6,0/8,-,-,-,-,41.2,-,Clear
KASHAN,14/09/2022,12Z,40.8,5%,999.6 Hpa,070º (E ),3.6,0/8,-,-,-,-,-,-,Clear
KASHAN,14/09/2022,09Z,38.4,6%,1001.6 Hpa,350º (N ),14.4,0/8,-,-,-,-,-,-,Clear
KASHAN,14/09/2022,06Z,33.0,8%,1004.7 Hpa,090º (E ),7.2,0/8,-,-,-,-,-,-,Clear
KASHAN,14/09/2022,03Z,22.0,21%,1004.3 Hpa,calm.,,0/8,-,-,-,-,-,20.0,Clear
KASHAN,14/09/2022,00Z,21.0,24%,1003.1 Hpa,calm.,,0/8,-,-,-,-,-,-,Clear
KASHMAR,14/09/2022,21Z,26.6,15%,1003.0 Hpa,010º (N),10.8,0/8,-,-,-,-,-,-,Clear
KASHMAR,14/09/2022,18Z,27.3,15%,1004.4 Hpa,350º (N ),7.2,0/8,-,-,-,-,-,-,Clear
KASHMAR,14/09/2022,15Z,30.6,15%,1003.5 Hpa,calm.,,0/8,-,-,-,-,34.3,-,Clear
KASHMAR,14/09/2022,12Z,34.3,11%,1002.5 Hpa,250º (W ),21.6,0/8,-,-,-,-,-,-,Clear
KASHMAR,14/09/2022,09Z,31.9,12%,1004.9 Hpa,240º (SW),18.0,0/8,-,-,-,-,-,-,Clear
KASHMAR,14/09/2022,06Z,27.9,14%,1006.9 Hpa,calm.,,0/8,-,-,-,-,-,-,Clear
KASHMAR,14/09/2022,03Z,21.1,21%,1006.6 Hpa,calm.,,0/8,-,-,-,-,-,18.1,Clear
KASHMAR,14/09/2022,00Z,20.7,20%,1005.3 Hpa,calm.,,0/8,-,-,-,-,-,-,Clear
KERMAN,14/09/2022,21Z,18.5,23%,1003.0 Hpa,120º (SE),7.2,0/8,-,-,-,-,-,-,Clear
KERMAN,14/09/2022,18Z,25.4,16%,1002.3 Hpa,120º (SE),10.8,0/8,-,-,-,-,-,-,Clear
KERMAN,14/09/2022,15Z,28.8,13%,1003.0 Hpa,060º (NE),18.0,0/8,-,-,-,-,33.8,-,Clear
KERMAN,14/09/2022,12Z,33.4,12%,1001.2 Hpa,340º (N ),14.4,1/8,1/8 SC,-,-,-,-,-,Few clouds
KERMAN,14/09/2022,09Z,32.8,14%,1001.9 Hpa,280º (W ),10.8,1/8,1/8 CU,-,-,-,-,-,Few clouds
KERMAN,14/09/2022,06Z,29.0,24%,1003.2 Hpa,170º (S ),7.2,1/8,-,1/8 AC,-,2.7(24h),-,-,Few clouds
KERMAN,14/09/2022,03Z,17.4,42%,1005.5 Hpa,100º (E ),7.2,1/8,-,1/8 AC,-,-,-,13.5,Few clouds
KERMAN,14/09/2022,00Z,16.3,45%,1004.9 Hpa,calm.,,4/8,4/8 SC,-,-,-,-,-,Scattered clouds
KERMANSHAH,14/09/2022,21Z,23.6,15%,1003.3 Hpa,300º (NW),10.8,0/8,-,-,-,-,-,-,Clear
KERMANSHAH,14/09/2022,18Z,27.0,11%,1004.0 Hpa,300º (NW),18.0,0/8,-,-,-,-,-,-,Clear
KERMANSHAH,14/09/2022,15Z,31.3,8%,1003.7 Hpa,280º (W ),18.0,3/8,3/8 SC,-,-,-,37.1,-,Scattered clouds
KERMANSHAH,14/09/2022,12Z,35.4,4%,1001.4 Hpa,210º (SW),36.0,3/8,3/8 CU,-,-,-,-,-,Scattered clouds
KERMANSHAH,14/09/2022,09Z,35.4,4%,1002.8 Hpa,210º (SW),25.2,0/8,-,-,-,-,-,-,Clear
KERMANSHAH,14/09/2022,06Z,31.0,8%,1003.9 Hpa,350º (N ),7.2,0/8,-,-,-,-,-,-,Clear
KERMANSHAH,14/09/2022,03Z,17.0,17%,1004.4 Hpa,330º (NW),7.2,0/8,-,-,-,-,-,16.1,Clear
KERMANSHAH,14/09/2022,00Z,19.6,14%,1002.5 Hpa,310º (NW),7.2,0/8,-,-,-,-,-,-,Clear
KHARG,14/09/2022,15Z,34.5,71%,1003.6 Hpa,calm.,,0/8,-,-,-,-,36.6,-,"Clear, haze"
KHARG,14/09/2022,12Z,35.8,71%,1003.6 Hpa,330º (NW),7.2,0/8,-,-,-,-,-,-,Clear
KHARG,14/09/2022,09Z,35.8,68%,1005.1 Hpa,320º (NW),14.4,0/8,-,-,-,-,-,-,"Clear, haze"
KHARG,14/09/2022,06Z,36.2,65%,1005.1 Hpa,270º (W ),7.2,0/8,-,-,-,-,-,-,"Clear, haze"
KHARG,14/09/2022,03Z,29.0,90%,1003.5 Hpa,calm.,,0/8,-,-,-,-,-,28.8,"Clear, mist"
KHOR,14/09/2022,21Z,28.3,14%,1001.5 Hpa,calm.,,0/8,-,-,-,-,-,-,Clear
KHOR,14/09/2022,18Z,30.5,12%,1002.1 Hpa,200º (S ),7.2,0/8,-,-,-,-,-,-,Clear
KHOR,14/09/2022,15Z,35.6,10%,1001.2 Hpa,calm.,,0/8,-,-,-,-,41.7,-,Clear
KHOR,14/09/2022,12Z,40.3,7%,999.9 Hpa,160º (S ),7.2,0/8,-,-,-,-,-,-,Clear
KHOR,14/09/2022,09Z,39.1,8%,1002.1 Hpa,040º (NE),7.2,0/8,-,-,-,-,-,-,Clear
KHOR,14/09/2022,06Z,33.9,12%,1004.7 Hpa,calm.,,0/8,-,-,-,-,-,-,Clear
KHOR,14/09/2022,03Z,25.3,18%,1005.1 Hpa,280º (W ),7.2,0/8,-,-,-,-,-,23.0,Clear
KHOR,14/09/2022,00Z,24.5,17%,1003.3 Hpa,280º (W ),7.2,0/8,-,-,-,-,-,-,Clear
KHORRAM ABAD,14/09/2022,21Z,23.9,35%,1002.1 Hpa,340º (N ),7.2,0/8,-,-,-,-,-,-,Clear
KHORRAM ABAD,14/09/2022,18Z,31.4,20%,1002.3 Hpa,190º (S ),10.8,0/8,-,-,-,-,-,-,Clear
KHORRAM ABAD,14/09/2022,15Z,33.4,13%,1004.0 Hpa,220º (SW),18.0,0/8,-,-,-,-,37.8,-,Clear
KHORRAM ABAD,14/09/2022,12Z,36.6,9%,1002.1 Hpa,200º (S ),21.6,1/8,1/8 CU,-,-,-,-,-,Few clouds
KHORRAM ABAD,14/09/2022,09Z,36.8,9%,1002.6 Hpa,200º (S ),25.2,1/8,1/8 CU,-,-,-,-,-,Few clouds
KHORRAM ABAD,14/09/2022,06Z,30.0,14%,1004.4 Hpa,020º (N),7.2,0/8,-,-,-,-,-,-,Clear
KHORRAM ABAD,14/09/2022,03Z,18.2,27%,1004.6 Hpa,110º (E ),7.2,2/8,-,2/8 AC,-,-,-,16.8,Few clouds
KHORRAM ABAD,14/09/2022,00Z,20.7,21%,1002.3 Hpa,120º (SE),10.8,0/8,-,-,-,-,-,-,Clear
KHOY,14/09/2022,21Z,21.0,41%,1004.8 Hpa,080º (E ),14.4,0/8,-,-,-,-,-,-,Clear
KHOY,14/09/2022,18Z,22.8,36%,1004.1 Hpa,090º (E ),14.4,0/8,-,-,-,-,-,-,Clear
KHOY,14/09/2022,15Z,27.0,29%,1002.9 Hpa,040º (NE),21.6,0/8,-,-,-,-,32.6,-,Clear
KHOY,14/09/2022,12Z,31.8,14%,999.3 Hpa,060º (NE),43.2,0/8,-,-,-,-,-,-,Clear
KHOY,14/09/2022,09Z,31.4,15%,999.3 Hpa,090º (E ),21.6,0/8,-,-,-,-,-,-,Clear
KHOY,14/09/2022,06Z,26.2,31%,1000.5 Hpa,calm.,,0/8,-,-,-,-,-,-,Clear
KHOY,14/09/2022,03Z,15.8,47%,1000.6 Hpa,calm.,,0/8,-,-,-,-,-,15.2,Clear
KHOY,14/09/2022,00Z,18.4,34%,999.5 Hpa,180º (S ),10.8,0/8,-,-,-,-,-,-,Clear
KISH ISLAND,14/09/2022,21Z,29.8,89%,1002.1 Hpa,290º (W ),18.0,0/8,-,-,-,-,-,-,"Clear, mist"
KISH ISLAND,14/09/2022,18Z,31.2,78%,1003.0 Hpa,290º (W ),21.6,0/8,-,-,-,-,-,-,"Clear, haze"
KISH ISLAND,14/09/2022,15Z,32.8,67%,1002.7 Hpa,280º (W ),14.4,0/8,-,-,-,-,37.2,-,"Clear, haze"
KISH ISLAND,14/09/2022,12Z,36.4,57%,1002.8 Hpa,270º (W ),10.8,0/8,-,-,-,-,-,-,"Clear, haze"
KISH ISLAND,14/09/2022,09Z,34.8,67%,1004.3 Hpa,150º (SE),18.0,0/8,-,-,-,-,-,-,"Clear, haze"
KISH ISLAND,14/09/2022,06Z,33.2,76%,1004.7 Hpa,130º (SE),18.0,0/8,-,-,-,-,-,-,"Clear, haze"
KISH ISLAND,14/09/2022,03Z,27.2,95%,1003.4 Hpa,090º (E ),7.2,0/8,-,-,-,-,-,26.2,"Clear, mist"
KISH ISLAND,14/09/2022,00Z,27.2,95%,1002.3 Hpa,calm.,,0/8,-,-,-,-,-,-,"Clear, mist"
MAKKO,14/09/2022,21Z,17.8,39%,1006.4 Hpa,calm.,,0/8,-,-,-,-,-,-,Clear
MAKKO,14/09/2022,18Z,19.8,37%,1005.4 Hpa,calm.,,0/8,-,-,-,-,-,-,Clear
MAKKO,14/09/2022,15Z,22.8,29%,1004.0 Hpa,220º (SW),7.2,0/8,-,-,-,-,28.6,-,Clear
MAKKO,14/09/2022,12Z,23.8,31%,1001.7 Hpa,310º (NW),28.8,6/8,6/8 SC,-,-,-,-,-,Cloudy
MAKKO,14/09/2022,09Z,27.8,17%,1000.9 Hpa,240º (SW),21.6,4/8,4/8 SC,-,-,-,-,-,Scattered clouds
MAKKO,14/09/2022,06Z,24.8,29%,1000.9 Hpa,220º (SW),14.4,2/8,2/8 SC,-,-,-,-,-,Few clouds
MAKKO,14/09/2022,03Z,21.0,35%,1000.2 Hpa,calm.,,0/8,-,-,-,-,-,18.0,Clear
MAKKO,14/09/2022,00Z,23.4,23%,998.5 Hpa,calm.,,0/8,-,-,-,-,-,-,Clear
MARAGHEH,14/09/2022,21Z,17.8,28%,1003.8 Hpa,110º (E ),3.6,0/8,-,-,-,-,-,-,Clear
MARAGHEH,14/09/2022,18Z,21.4,25%,1003.0 Hpa,120º (SE),3.6,0/8,-,-,-,-,-,-,Clear
MARAGHEH,14/09/2022,15Z,27.6,13%,1001.4 Hpa,240º (SW),7.2,0/8,-,-,-,-,33.0,-,Clear
MARAGHEH,14/09/2022,12Z,32.5,8%,999.5 Hpa,250º (W ),18.0,0/8,-,-,-,-,-,-,Clear
MARAGHEH,14/09/2022,09Z,32.0,13%,999.7 Hpa,250º (W ),14.4,0/8,-,-,-,-,-,-,Clear
MARAGHEH,14/09/2022,06Z,28.9,18%,1000.9 Hpa,210º (SW),14.4,0/8,-,-,-,-,-,-,Clear
MARAGHEH,14/09/2022,03Z,20.7,25%,1000.3 Hpa,080º (E ),18.0,0/8,-,-,-,-,-,20.0,Clear
MARAGHEH,14/09/2022,00Z,21.2,23%,999.1 Hpa,080º (E ),14.4,0/8,-,-,-,-,-,-,Clear
MARAVEH-TAPPEH,14/09/2022,21Z,24.3,77%,1008.0 Hpa,190º (S ),25.2,2/8,-,-,CI,-,-,-,Few clouds
MARAVEH-TAPPEH,14/09/2022,18Z,32.1,35%,1003.5 Hpa,170º (S ),18.0,0/8,-,-,-,-,-,-,Clear
MARAVEH-TAPPEH,14/09/2022,15Z,35.1,15%,1002.7 Hpa,calm.,,0/8,-,-,-,-,41.4,-,Clear
MARAVEH-TAPPEH,14/09/2022,12Z,40.3,11%,1002.0 Hpa,360º (N ),10.8,0/8,-,-,-,-,-,-,Clear
MARAVEH-TAPPEH,14/09/2022,09Z,39.6,10%,1003.5 Hpa,020º (N),10.8,0/8,-,-,-,-,-,-,Clear
MARAVEH-TAPPEH,14/09/2022,06Z,36.7,13%,1004.7 Hpa,020º (N),7.2,0/8,-,-,-,-,-,-,Clear
MARAVEH-TAPPEH,14/09/2022,03Z,28.0,20%,1005.0 Hpa,calm.,,0/8,-,-,-,-,-,24.5,Clear
MARAVEH-TAPPEH,14/09/2022,00Z,28.4,20%,1003.4 Hpa,160º (S ),14.4,0/8,-,-,-,-,-,-,Clear
MASHHAD,14/09/2022,21Z,19.2,38%,1005.9 Hpa,calm.,,0/8,-,-,-,-,-,-,Clear
MASHHAD,14/09/2022,18Z,24.1,29%,1006.7 Hpa,200º (S ),10.8,0/8,-,-,-,-,-,-,Clear
MASHHAD,14/09/2022,15Z,27.6,26%,1006.5 Hpa,160º (S ),14.4,0/8,-,-,-,-,34.8,-,Clear
MASHHAD,14/09/2022,12Z,34.3,23%,1004.3 Hpa,040º (NE),10.8,0/8,-,-,-,-,-,-,Clear
MASHHAD,14/09/2022,09Z,33.2,25%,1006.1 Hpa,330º (NW),7.2,0/8,-,-,-,-,-,-,Clear
MASHHAD,14/09/2022,06Z,25.8,30%,1007.8 Hpa,030º (NE),7.2,0/8,-,-,-,-,-,-,Clear
MASHHAD,14/09/2022,03Z,16.4,42%,1009.2 Hpa,220º (SW),7.2,0/8,-,-,-,-,-,14.2,Clear
MASHHAD,14/09/2022,00Z,15.2,43%,1008.1 Hpa,180º (S ),7.2,0/8,-,-,-,-,-,-,Clear
MASJED-SOLEYMAN,14/09/2022,21Z,32.1,26%,1003.1 Hpa,calm.,,0/8,-,-,-,-,-,-,Clear
MASJED-SOLEYMAN,14/09/2022,18Z,35.1,20%,1003.0 Hpa,190º (S ),3.6,0/8,-,-,-,-,-,-,Clear
MASJED-SOLEYMAN,14/09/2022,15Z,39.0,16%,1002.6 Hpa,150º (SE),3.6,0/8,-,-,-,-,42.1,-,Clear
MASJED-SOLEYMAN,14/09/2022,12Z,41.5,14%,1002.7 Hpa,290º (W ),7.2,0/8,-,-,-,-,-,-,Clear
MASJED-SOLEYMAN,14/09/2022,09Z,40.0,16%,1004.1 Hpa,320º (NW),3.6,0/8,-,-,-,-,-,-,Clear
MASJED-SOLEYMAN,14/09/2022,06Z,35.6,20%,1004.8 Hpa,330º (NW),3.6,0/8,-,-,-,-,-,-,Clear
MASJED-SOLEYMAN,14/09/2022,03Z,27.6,20%,1002.7 Hpa,310º (NW),7.2,0/8,-,-,-,-,-,26.7,Clear
MASJED-SOLEYMAN,14/09/2022,00Z,29.0,20%,1001.0 Hpa,170º (S ),3.6,0/8,-,-,-,-,-,-,Clear
MEYANEH,14/09/2022,21Z,22.0,45%,1004.1 Hpa,230º (SW),7.2,0/8,-,-,-,-,-,-,Clear
MEYANEH,14/09/2022,18Z,26.4,16%,1003.5 Hpa,calm.,,0/8,-,-,-,-,-,-,Clear
MEYANEH,14/09/2022,15Z,32.0,9%,1000.9 Hpa,120º (SE),21.6,0/8,-,-,-,-,36.8,-,Clear
MEYANEH,14/09/2022,12Z,35.6,9%,998.6 Hpa,030º (NE),28.8,1/8,-,1/8 AC,-,-,-,-,Few clouds
MEYANEH,14/09/2022,09Z,33.0,19%,999.7 Hpa,calm.,,1/8,1/8 CU,-,-,-,-,-,Few clouds
MEYANEH,14/09/2022,06Z,23.8,28%,1003.2 Hpa,calm.,,0/8,-,-,-,-,-,-,Clear
MEYANEH,14/09/2022,03Z,18.6,31%,1002.5 Hpa,calm.,,0/8,-,-,-,-,-,17.2,Clear
MEYANEH,14/09/2022,00Z,19.4,39%,1000.7 Hpa,calm.,,0/8,-,-,-,-,-,-,Clear
MOHABAD,14/09/2022,21Z,21.0,32%,1003.1 Hpa,170º (S ),10.8,0/8,-,-,-,-,-,-,Clear
MOHABAD,14/09/2022,18Z,22.4,28%,1003.3 Hpa,220º (SW),18.0,0/8,-,-,-,-,-,-,Clear
MOHABAD,14/09/2022,15Z,28.0,16%,1001.9 Hpa,200º (S ),18.0,0/8,-,-,-,-,33.0,-,Clear
MOHABAD,14/09/2022,12Z,31.8,13%,1000.1 Hpa,180º (S ),36.0,0/8,-,-,-,-,-,-,Clear
MOHABAD,14/09/2022,09Z,31.6,7%,999.7 Hpa,240º (SW),39.6,0/8,-,-,-,-,-,-,Clear
MOHABAD,14/09/2022,06Z,29.4,11%,1000.3 Hpa,240º (SW),39.6,0/8,-,-,-,-,-,-,Clear
MOHABAD,14/09/2022,03Z,22.8,25%,1000.1 Hpa,170º (S ),7.2,0/8,-,-,-,-,-,20.2,Clear
MOHABAD,14/09/2022,00Z,24.0,25%,999.0 Hpa,170º (S ),18.0,0/8,-,-,-,-,-,-,Clear
NEHBANDAN,14/09/2022,21Z,20.9,6%,1004.1 Hpa,calm.,,0/8,-,-,-,-,-,-,Clear
NEHBANDAN,14/09/2022,18Z,24.8,4%,1004.6 Hpa,360º (N ),3.6,0/8,-,-,-,-,-,-,Clear
NEHBANDAN,14/09/2022,15Z,30.5,0%,1004.7 Hpa,360º (N ),7.2,0/8,-,-,-,-,37.3,-,Clear
NEHBANDAN,14/09/2022,12Z,36.5,0%,1003.0 Hpa,360º (N ),7.2,0/8,-,-,-,-,-,-,Clear
NEHBANDAN,14/09/2022,09Z,35.0,0%,1004.1 Hpa,030º (NE),3.6,0/8,-,-,-,-,-,-,Clear
NEHBANDAN,14/09/2022,06Z,30.6,1%,1005.5 Hpa,010º (N),7.2,0/8,-,-,-,-,-,-,Clear
NEHBANDAN,14/09/2022,03Z,16.9,12%,1007.2 Hpa,270º (W ),3.6,0/8,-,-,-,-,-,14.9,Clear
NEHBANDAN,14/09/2022,00Z,16.0,12%,1004.4 Hpa,calm.,,0/8,-,-,-,-,-,-,Clear
NOSHAHR,14/09/2022,21Z,24.4,83%,1012.2 Hpa,280º (W ),10.8,8/8,6/8 CB,AC,,-,-,-,"Overcast, rain"
NOSHAHR,14/09/2022,18Z,26.0,71%,1010.0 Hpa,270º (W ),25.2,8/8,6/8 CB,AC,,-,-,-,Overcast
NOSHAHR,14/09/2022,15Z,26.0,81%,1005.0 Hpa,250º (W ),10.8,7/8,7/8 CB,-,-,-,29.0,-,"Cloudy, mist"
NOSHAHR,14/09/2022,12Z,27.4,78%,1003.0 Hpa,320º (NW),7.2,7/8,7/8 ST,-,-,-,-,-,Cloudy
NOSHAHR,14/09/2022,09Z,28.2,72%,1003.7 Hpa,310º (NW),14.4,2/8,2/8 CU/SC,-,-,-,-,-,Few clouds
NOSHAHR,14/09/2022,06Z,27.2,71%,1004.7 Hpa,310º (NW),14.4,3/8,3/8 CU/SC,-,-,-,-,-,Scattered clouds
NOSHAHR,14/09/2022,03Z,21.0,88%,1004.0 Hpa,190º (S ),3.6,4/8,4/8 SC,-,-,-,-,21.0,Scattered clouds
NOSHAHR,14/09/2022,00Z,21.8,92%,1004.4 Hpa,220º (SW),7.2,0/8,-,-,-,-,-,-,Clear
OMIDYEH-AGHAJARI,14/09/2022,21Z,32.0,34%,1004.9 Hpa,010º (N),7.2,0/8,-,-,-,-,-,-,Clear
OMIDYEH-AGHAJARI,14/09/2022,18Z,34.4,27%,1005.0 Hpa,220º (SW),3.6,0/8,-,-,-,-,-,-,Clear
OMIDYEH-AGHAJARI,14/09/2022,15Z,40.1,19%,1003.7 Hpa,240º (SW),10.8,0/8,-,-,-,-,44.3,-,Clear
OMIDYEH-AGHAJARI,14/09/2022,12Z,44.1,26%,1003.3 Hpa,260º (W ),10.8,0/8,-,-,-,-,-,-,Clear
OMIDYEH-AGHAJARI,14/09/2022,09Z,42.7,30%,1005.3 Hpa,240º (SW),3.6,0/8,-,-,-,-,-,-,Clear
OMIDYEH-AGHAJARI,14/09/2022,06Z,35.9,54%,1005.9 Hpa,190º (S ),14.4,0/8,-,-,-,-,-,-,"Clear, haze"
OMIDYEH-AGHAJARI,14/09/2022,03Z,29.5,47%,1003.0 Hpa,160º (S ),14.4,0/8,-,-,-,-,-,28.0,"Clear, haze"
OMIDYEH-AGHAJARI,14/09/2022,00Z,28.4,56%,1002.3 Hpa,120º (SE),7.2,0/8,-,-,-,-,-,-,"Clear, haze"
ORUMIEH,14/09/2022,21Z,14.2,52%,1004.5 Hpa,250º (W ),10.8,0/8,-,-,-,-,-,-,Clear
ORUMIEH,14/09/2022,18Z,20.0,33%,1003.3 Hpa,290º (W ),14.4,0/8,-,-,-,-,-,-,Clear
ORUMIEH,14/09/2022,15Z,26.2,24%,1003.6 Hpa,230º (SW),14.4,0/8,-,-,-,-,32.1,-,Clear
ORUMIEH,14/09/2022,12Z,31.8,12%,1001.2 Hpa,250º (W ),14.4,1/8,1/8 SC,-,-,-,-,-,Few clouds
ORUMIEH,14/09/2022,09Z,31.0,14%,1001.1 Hpa,250º (W ),10.8,0/8,-,-,-,-,-,-,Clear
ORUMIEH,14/09/2022,06Z,25.0,29%,1000.7 Hpa,100º (E ),7.2,1/8,-,-,CI,-,-,-,Few clouds
ORUMIEH,14/09/2022,03Z,11.0,58%,1002.6 Hpa,260º (W ),7.2,0/8,-,-,-,-,-,9.5,Clear
ORUMIEH,14/09/2022,00Z,11.6,55%,1001.2 Hpa,240º (SW),7.2,0/8,-,-,-,-,-,-,Clear
PARS ABAD MOGHAN,14/09/2022,21Z,19.1,80%,1011.9 Hpa,calm.,,3/8,3/8 SC,-,-,-,-,-,Scattered clouds
PARS ABAD MOGHAN,14/09/2022,18Z,21.6,55%,1010.2 Hpa,130º (SE),10.8,3/8,3/8 SC,-,-,-,-,-,Scattered clouds
PARS ABAD MOGHAN,14/09/2022,15Z,26.0,51%,1007.4 Hpa,320º (NW),10.8,3/8,3/8 SC,-,-,-,30.9,-,Scattered clouds
PARS ABAD MOGHAN,14/09/2022,12Z,30.1,48%,1005.1 Hpa,340º (N ),14.4,3/8,3/8 SC,-,-,-,-,-,Scattered clouds
PARS ABAD MOGHAN,14/09/2022,09Z,28.4,50%,1005.0 Hpa,090º (E ),10.8,2/8,-,-,CI,-,-,-,Few clouds
PARS ABAD MOGHAN,14/09/2022,06Z,26.5,58%,1005.9 Hpa,140º (SE),14.4,1/8,1/8 SC,-,-,-,-,-,Few clouds
PARS ABAD MOGHAN,14/09/2022,03Z,22.5,81%,1005.3 Hpa,160º (S ),14.4,7/8,7/8 SC,-,-,-,-,21.8,Cloudy
PARS ABAD MOGHAN,14/09/2022,00Z,22.2,91%,1005.1 Hpa,110º (E ),10.8,4/8,4/8 ST,-,-,-,-,-,Scattered clouds
RAMSAR,14/09/2022,21Z,25.2,69%,1012.1 Hpa,250º (W ),3.6,8/8,5/8 CB,AC,,-,-,-,Overcast
RAMSAR,14/09/2022,18Z,25.8,70%,1010.4 Hpa,290º (W ),18.0,8/8,5/8 CB,AC,,-,-,-,Overcast
RAMSAR,14/09/2022,15Z,26.0,69%,1005.6 Hpa,320º (NW),21.6,8/8,6/8 CB,AC,,-,28.8,-,"Overcast, haze"
RAMSAR,14/09/2022,12Z,27.4,77%,1002.9 Hpa,040º (NE),10.8,8/8,6/8 CB,AC,,-,-,-,"Overcast, haze"
RAMSAR,14/09/2022,09Z,27.8,76%,1003.7 Hpa,010º (N),10.8,5/8,5/8 CB,-,-,-,-,-,"Cloudy, haze"
RAMSAR,14/09/2022,06Z,27.4,72%,1004.9 Hpa,030º (NE),10.8,3/8,3/8 CU,-,-,-,-,-,"Scattered clouds, haze"
RAMSAR,14/09/2022,03Z,22.4,87%,1004.5 Hpa,270º (W ),3.6,1/8,1/8 SC,-,-,-,-,22.4,Few clouds
RAMSAR,14/09/2022,00Z,23.8,86%,1003.6 Hpa,260º (W ),3.6,7/8,7/8 SC,-,-,-,-,-,Cloudy
RASHT,14/09/2022,21Z,23.8,83%,1012.9 Hpa,calm.,,7/8,5/8 CB,AC,-,-,-,-,Cloudy
RASHT,14/09/2022,18Z,24.8,78%,1012.1 Hpa,calm.,,7/8,5/8 CB,AC,-,-,-,-,Cloudy
RASHT,14/09/2022,15Z,24.6,83%,1008.8 Hpa,220º (SW),14.4,7/8,5/8 CB,AC,-,-,29.0,-,Cloudy
RASHT,14/09/2022,12Z,26.4,72%,1004.6 Hpa,330º (NW),10.8,7/8,5/8 SC,AC,-,-,-,-,Cloudy
RASHT,14/09/2022,09Z,27.4,75%,1004.0 Hpa,330º (NW),14.4,7/8,5/8 CU,AC,-,-,-,-,Cloudy
RASHT,14/09/2022,06Z,26.6,76%,1006.1 Hpa,270º (W ),7.2,7/8,5/8 CU,AC,-,-,-,-,Cloudy
RASHT,14/09/2022,03Z,23.8,100%,1004.9 Hpa,210º (SW),7.2,7/8,4/8 SC,AC,-,-,-,22.0,"Cloudy, mist"
RASHT,14/09/2022,00Z,23.4,100%,1004.3 Hpa,calm.,,7/8,3/8 SC,AC,-,-,-,-,"Cloudy, mist"
SABZEVAR,14/09/2022,21Z,23.0,17%,1003.5 Hpa,080º (E ),10.8,0/8,-,-,-,-,-,-,Clear
SABZEVAR,14/09/2022,18Z,25.9,16%,1004.4 Hpa,calm.,,0/8,-,-,-,-,-,-,Clear
SABZEVAR,14/09/2022,15Z,30.4,14%,1004.2 Hpa,calm.,,0/8,-,-,-,-,36.2,-,Clear
SABZEVAR,14/09/2022,12Z,35.7,11%,1002.4 Hpa,260º (W ),18.0,0/8,-,-,-,-,-,-,Clear
SABZEVAR,14/09/2022,09Z,33.6,13%,1004.3 Hpa,230º (SW),10.8,0/8,-,-,-,-,-,-,Clear
SABZEVAR,14/09/2022,06Z,27.4,16%,1006.7 Hpa,090º (E ),14.4,0/8,-,-,-,-,-,-,Clear
SABZEVAR,14/09/2022,03Z,20.4,20%,1007.0 Hpa,070º (E ),10.8,0/8,-,-,-,-,-,19.2,Clear
SABZEVAR,14/09/2022,00Z,20.6,19%,1004.8 Hpa,080º (E ),18.0,0/8,-,-,-,-,-,-,Clear
SAFI-ABAD DEZFUL,14/09/2022,21Z,28.8,50%,1003.3 Hpa,070º (E ),7.2,0/8,-,-,-,-,-,-,Clear
SAFI-ABAD DEZFUL,14/09/2022,18Z,31.4,42%,1003.7 Hpa,250º (W ),7.2,0/8,-,-,-,-,-,-,Clear
SAFI-ABAD DEZFUL,14/09/2022,15Z,37.0,31%,1001.8 Hpa,090º (E ),10.8,1/8,-,-,CI,-,42.2,-,Few clouds
SAFI-ABAD DEZFUL,14/09/2022,12Z,41.3,18%,1002.3 Hpa,160º (S ),14.4,0/8,-,-,-,-,-,-,Clear
SAFI-ABAD DEZFUL,14/09/2022,09Z,41.2,15%,1003.0 Hpa,130º (SE),18.0,1/8,-,1/8 AC,-,-,-,-,Few clouds
SAFI-ABAD DEZFUL,14/09/2022,06Z,34.0,51%,1004.5 Hpa,080º (E ),14.4,3/8,-,3/8 AC,-,-,-,-,Scattered clouds
SAFI-ABAD DEZFUL,14/09/2022,03Z,23.7,50%,1003.2 Hpa,050º (NE),10.8,0/8,-,-,-,-,-,22.9,Clear
SAFI-ABAD DEZFUL,14/09/2022,00Z,26.4,39%,1001.7 Hpa,200º (S ),7.2,0/8,-,-,-,-,-,-,Clear
SAGHEZ,14/09/2022,21Z,13.8,36%,1006.2 Hpa,calm.,,0/8,-,-,-,-,-,-,Clear
SAGHEZ,14/09/2022,18Z,19.7,24%,1005.6 Hpa,calm.,,0/8,-,-,-,-,-,-,Clear
SAGHEZ,14/09/2022,15Z,28.2,17%,1002.9 Hpa,240º (SW),14.4,0/8,-,-,-,-,31.8,-,Clear
SAGHEZ,14/09/2022,12Z,31.5,15%,1002.5 Hpa,240º (SW),28.8,0/8,-,-,-,-,15.9,1.6,Clear
SAGHEZ,14/09/2022,09Z,30.9,16%,1002.5 Hpa,240º (SW),25.2,0/8,-,-,-,-,-,-,Clear
SAGHEZ,14/09/2022,06Z,26.2,25%,1003.2 Hpa,calm.,,0/8,-,-,-,-,-,-,Clear
SAGHEZ,14/09/2022,03Z,12.2,40%,1004.4 Hpa,calm.,,0/8,-,-,-,-,-,11.7,Clear
SAGHEZ,14/09/2022,00Z,14.7,34%,1002.7 Hpa,calm.,,0/8,-,-,-,-,-,-,Clear
SANANDAJ,14/09/2022,21Z,19.0,26%,1003.8 Hpa,calm.,,0/8,-,-,-,-,-,-,Clear
SANANDAJ,14/09/2022,18Z,25.4,15%,1003.8 Hpa,calm.,,0/8,-,-,-,-,-,-,Clear
SANANDAJ,14/09/2022,15Z,30.2,9%,1003.8 Hpa,210º (SW),21.6,0/8,-,-,-,-,35.5,-,Clear
SANANDAJ,14/09/2022,12Z,34.4,9%,1001.1 Hpa,210º (SW),39.6,0/8,-,-,-,-,-,-,Clear
SANANDAJ,14/09/2022,09Z,33.5,10%,1001.9 Hpa,170º (S ),25.2,1/8,1/8 CU,-,-,-,-,-,Few clouds
SANANDAJ,14/09/2022,06Z,25.2,14%,1004.7 Hpa,Vble.,,0/8,-,-,-,-,-,-,Clear
SANANDAJ,14/09/2022,03Z,13.4,40%,1005.2 Hpa,calm.,,0/8,-,-,-,-,-,13.4,Clear
SANANDAJ,14/09/2022,00Z,15.4,33%,1003.0 Hpa,calm.,,0/8,-,-,-,-,-,-,Clear
SARAB,14/09/2022,21Z,15.5,70%,1004.6 Hpa,080º (E ),18.0,0/8,-,-,-,-,-,-,Clear
SARAB,14/09/2022,18Z,17.3,60%,1003.6 Hpa,080º (E ),10.8,0/8,-,-,-,-,-,-,Clear
SARAB,14/09/2022,15Z,24.6,13%,1006.1 Hpa,210º (SW),18.0,0/8,-,-,-,-,30.4,-,"Clear, dust"
SARAB,14/09/2022,12Z,29.7,12%,1003.1 Hpa,230º (SW),36.0,1/8,1/8 SC,-,-,-,-,-,"Few clouds, dust"
SARAB,14/09/2022,09Z,29.4,15%,1002.3 Hpa,230º (SW),28.8,1/8,1/8 CU,-,-,-,-,-,Few clouds
SARAB,14/09/2022,06Z,28.1,19%,1002.7 Hpa,calm.,,1/8,-,-,CI,-,-,-,Few clouds
SARAB,14/09/2022,03Z,9.1,54%,1005.1 Hpa,calm.,,0/8,-,-,-,-,-,8.1,Clear
SARAB,14/09/2022,00Z,10.2,48%,1003.6 Hpa,calm.,,0/8,-,-,-,-,-,-,Clear
SARAKHS,14/09/2022,21Z,21.0,31%,1006.3 Hpa,calm.,,0/8,-,-,-,-,-,-,Clear
SARAKHS,14/09/2022,18Z,26.0,22%,1007.1 Hpa,060º (NE),10.8,0/8,-,-,-,-,-,-,Clear
SARAKHS,14/09/2022,15Z,30.1,16%,1006.2 Hpa,calm.,,0/8,-,-,-,-,36.4,-,Clear
SARAKHS,14/09/2022,12Z,35.9,10%,1005.9 Hpa,060º (NE),7.2,0/8,-,-,-,-,-,-,Clear
SARAKHS,14/09/2022,09Z,34.0,13%,1007.1 Hpa,120º (SE),7.2,0/8,-,-,-,-,-,-,Clear
SARAKHS,14/09/2022,06Z,28.7,18%,1009.1 Hpa,180º (S ),28.8,0/8,-,-,-,-,-,-,Clear
SARAKHS,14/09/2022,03Z,17.0,30%,1009.0 Hpa,180º (S ),10.8,0/8,-,-,-,-,-,15.5,Clear
SARAKHS,14/09/2022,00Z,15.6,32%,1008.5 Hpa,calm.,,0/8,-,-,-,-,-,-,Clear
SARAVAN,14/09/2022,21Z,25.3,14%,1003.7 Hpa,calm.,,0/8,-,-,-,-,-,-,Clear
SARAVAN,14/09/2022,18Z,29.9,10%,1004.4 Hpa,260º (W ),14.4,0/8,-,-,-,-,-,-,Clear
SARAVAN,14/09/2022,15Z,32.6,9%,1003.7 Hpa,010º (N),21.6,0/8,-,-,-,-,37.1,-,Clear
SARAVAN,14/09/2022,12Z,36.1,8%,1002.4 Hpa,030º (NE),28.8,0/8,-,-,-,-,-,-,Clear
SARAVAN,14/09/2022,09Z,36.6,9%,1002.9 Hpa,070º (E ),21.6,0/8,-,-,-,-,-,-,Clear
SARAVAN,14/09/2022,06Z,34.0,12%,1004.2 Hpa,060º (NE),7.2,0/8,-,-,-,-,-,-,Clear
SARAVAN,14/09/2022,03Z,22.9,21%,1005.6 Hpa,350º (N ),7.2,0/8,-,-,-,-,-,21.3,"Clear, haze"
SARAVAN,14/09/2022,00Z,22.6,20%,1003.7 Hpa,330º (NW),10.8,0/8,-,-,-,-,-,-,"Clear, haze"
SEMNAN,14/09/2022,21Z,27.5,25%,1002.6 Hpa,calm.,,5/8,2/8 SC,AC,CI,-,-,-,Cloudy
SEMNAN,14/09/2022,18Z,27.4,19%,1002.2 Hpa,calm.,,0/8,-,-,-,-,-,-,Clear
SEMNAN,14/09/2022,15Z,32.5,14%,1001.7 Hpa,070º (E ),7.2,3/8,-,-,CI,-,36.2,-,Scattered clouds
SEMNAN,14/09/2022,12Z,33.6,12%,1003.5 Hpa,170º (S ),7.2,0/8,-,-,-,-,-,-,Clear
SEMNAN,14/09/2022,09Z,33.0,13%,1004.0 Hpa,210º (SW),7.2,0/8,-,-,-,-,-,-,Clear
SEMNAN,14/09/2022,06Z,30.3,14%,1005.6 Hpa,190º (S ),7.2,0/8,-,-,-,-,-,-,Clear
SEMNAN,14/09/2022,03Z,22.2,29%,1005.2 Hpa,350º (N ),3.6,0/8,-,-,-,-,-,20.0,Clear
SEMNAN,14/09/2022,00Z,22.4,25%,1004.0 Hpa,330º (NW),3.6,0/8,-,-,-,-,-,-,Clear
SHAHRE-KORD,14/09/2022,21Z,12.5,33%,1006.3 Hpa,100º (E ),10.8,0/8,-,-,-,-,-,-,Clear
SHAHRE-KORD,14/09/2022,18Z,17.4,23%,1007.4 Hpa,080º (E ),7.2,0/8,-,-,-,-,-,-,Clear
SHAHRE-KORD,14/09/2022,15Z,24.8,12%,1009.0 Hpa,260º (W ),18.0,0/8,-,-,-,-,31.3,-,Clear
SHAHRE-KORD,14/09/2022,12Z,30.5,7%,1005.2 Hpa,190º (S ),14.4,1/8,1/8 CU,-,-,-,-,-,Few clouds
SHAHRE-KORD,14/09/2022,09Z,29.7,8%,1006.9 Hpa,160º (S ),10.8,0/8,-,-,-,-,-,-,Clear
SHAHRE-KORD,14/09/2022,06Z,23.3,12%,1007.7 Hpa,150º (SE),7.2,0/8,-,-,-,-,-,-,Clear
SHAHRE-KORD,14/09/2022,03Z,8.4,34%,1010.8 Hpa,320º (NW),7.2,0/8,-,-,-,-,-,6.0,Clear
SHAHRE-KORD,14/09/2022,00Z,10.4,31%,1006.5 Hpa,140º (SE),3.6,0/8,-,-,-,-,-,-,Clear
SHAHRUD,14/09/2022,21Z,25.4,19%,1001.8 Hpa,330º (NW),7.2,0/8,-,-,-,-,-,-,Clear
SHAHRUD,14/09/2022,18Z,23.8,17%,1004.0 Hpa,310º (NW),7.2,0/8,-,-,-,-,-,-,Clear
SHAHRUD,14/09/2022,15Z,28.0,22%,1004.1 Hpa,300º (NW),7.2,0/8,-,-,-,-,33.6,-,Clear
SHAHRUD,14/09/2022,12Z,33.0,14%,1002.7 Hpa,180º (S ),7.2,1/8,1/8 SC,-,-,-,-,-,Few clouds
SHAHRUD,14/09/2022,09Z,31.4,14%,1003.7 Hpa,250º (W ),18.0,1/8,1/8 SC,-,-,-,-,-,Few clouds
SHAHRUD,14/09/2022,06Z,27.0,19%,1005.7 Hpa,200º (S ),7.2,0/8,-,-,-,-,-,-,Clear
SHAHRUD,14/09/2022,03Z,18.4,34%,1007.4 Hpa,290º (W ),7.2,0/8,-,-,-,-,-,17.2,Clear
SHAHRUD,14/09/2022,00Z,18.0,34%,1004.5 Hpa,340º (N ),7.2,0/8,-,-,-,-,-,-,Clear
SHIRAZ,14/09/2022,21Z,27.0,32%,1001.2 Hpa,300º (NW),7.2,1/8,1/8 SC,-,-,-,-,-,"Few clouds, dust"
SHIRAZ,14/09/2022,18Z,27.6,28%,1002.8 Hpa,330º (NW),7.2,3/8,2/8 SC,AC,-,-,-,-,"Scattered clouds, dust"
SHIRAZ,14/09/2022,15Z,31.0,22%,1003.3 Hpa,260º (W ),14.4,3/8,2/8 SC,AC,-,-,35.8,-,"Scattered clouds, dust"
SHIRAZ,14/09/2022,12Z,35.4,15%,1001.0 Hpa,280º (W ),7.2,4/8,4/8 CU/SC,-,-,-,-,-,"Scattered clouds, dust"
SHIRAZ,14/09/2022,09Z,34.8,16%,1001.3 Hpa,160º (S ),7.2,2/8,2/8 CU,-,-,-,-,-,"Few clouds, dust"
SHIRAZ,14/09/2022,06Z,29.6,33%,1003.8 Hpa,calm.,,0/8,-,-,-,-,-,-,"Clear, dust"
SHIRAZ,14/09/2022,03Z,18.2,64%,1005.2 Hpa,calm.,,0/8,-,-,-,-,-,17.8,"Clear, dust"
SHIRAZ,14/09/2022,00Z,20.4,55%,1002.1 Hpa,calm.,,0/8,-,-,-,-,-,-,"Clear, dust"
SIRI ISLAND,14/09/2022,15Z,34.2,76%,1002.7 Hpa,260º (W ),7.2,0/8,-,-,-,-,35.6,-,"Clear, haze"
SIRI ISLAND,14/09/2022,12Z,35.6,73%,1002.7 Hpa,160º (S ),10.8,0/8,-,-,-,-,-,-,"Clear, haze"
SIRI ISLAND,14/09/2022,09Z,34.0,78%,1004.3 Hpa,090º (E ),14.4,0/8,-,-,-,-,-,-,"Clear, haze"
SIRI ISLAND,14/09/2022,06Z,32.6,87%,1005.4 Hpa,090º (E ),18.0,0/8,-,-,-,-,-,-,"Clear, mist"
SIRI ISLAND,14/09/2022,03Z,32.0,83%,1003.5 Hpa,060º (NE),21.6,0/8,-,-,-,-,-,30.0,"Clear, mist"
SIRJAN,14/09/2022,21Z,25.2,20%,1000.0 Hpa,calm.,,0/8,-,-,-,-,-,-,Clear
SIRJAN,14/09/2022,18Z,26.7,18%,1000.6 Hpa,060º (NE),10.8,1/8,1/8 SC,-,-,-,-,-,Few clouds
SIRJAN,14/09/2022,15Z,30.8,15%,1000.3 Hpa,270º (W ),10.8,2/8,2/8 SC,-,-,-,34.3,-,Few clouds
SIRJAN,14/09/2022,12Z,33.8,14%,998.5 Hpa,330º (NW),10.8,3/8,3/8 SC,-,-,-,-,-,Scattered clouds
SIRJAN,14/09/2022,09Z,32.9,18%,1000.0 Hpa,270º (W ),18.0,1/8,1/8 CU,-,-,-,-,-,Few clouds
SIRJAN,14/09/2022,06Z,28.7,25%,1001.9 Hpa,090º (E ),10.8,1/8,-,1/8 AC,-,-,-,-,Few clouds
SIRJAN,14/09/2022,03Z,22.4,40%,1002.1 Hpa,090º (E ),7.2,4/8,-,4/8 AC,-,-,-,22.2,Scattered clouds
SIRJAN,14/09/2022,00Z,23.4,36%,999.8 Hpa,120º (SE),10.8,0/8,-,-,-,-,-,-,Clear
TABAS,14/09/2022,21Z,28.6,11%,1002.6 Hpa,calm.,,0/8,-,-,-,-,-,-,Clear
TABAS,14/09/2022,18Z,32.0,9%,1003.3 Hpa,calm.,,0/8,-,-,-,-,-,-,Clear
TABAS,14/09/2022,15Z,35.2,10%,1002.8 Hpa,calm.,,0/8,-,-,-,-,40.8,-,Clear
TABAS,14/09/2022,12Z,40.0,6%,1002.7 Hpa,050º (NE),7.2,0/8,-,-,-,-,-,-,Clear
TABAS,14/09/2022,09Z,36.8,8%,1004.9 Hpa,120º (SE),3.6,0/8,-,-,-,-,-,-,Clear
TABAS,14/09/2022,06Z,32.1,11%,1006.4 Hpa,210º (SW),3.6,0/8,-,-,-,-,-,-,Clear
TABAS,14/09/2022,03Z,25.6,16%,1005.5 Hpa,calm.,,0/8,-,-,-,-,-,23.1,Clear
TABAS,14/09/2022,00Z,24.1,16%,1003.9 Hpa,calm.,,0/8,-,-,-,-,-,-,Clear
TABRIZ,14/09/2022,21Z,20.1,49%,1004.8 Hpa,060º (NE),7.2,0/8,-,-,-,-,-,-,Clear
TABRIZ,14/09/2022,18Z,23.0,37%,1003.6 Hpa,030º (NE),10.8,0/8,-,-,-,-,-,-,Clear
TABRIZ,14/09/2022,15Z,28.0,12%,1002.3 Hpa,230º (SW),25.2,0/8,-,-,-,-,32.2,-,Clear
TABRIZ,14/09/2022,12Z,30.9,9%,1001.2 Hpa,230º (SW),21.6,1/8,1/8 CU,-,-,-,-,-,Few clouds
TABRIZ,14/09/2022,09Z,30.4,12%,1001.2 Hpa,250º (W ),28.8,0/8,-,-,-,-,-,-,Clear
TABRIZ,14/09/2022,06Z,27.0,19%,1001.9 Hpa,250º (W ),7.2,0/8,-,-,-,-,-,-,Clear
TABRIZ,14/09/2022,03Z,18.2,28%,1002.2 Hpa,040º (NE),14.4,0/8,-,-,-,-,-,18.0,Clear
TABRIZ,14/09/2022,00Z,18.8,26%,1001.6 Hpa,050º (NE),10.8,0/8,-,-,-,-,-,-,Clear
TEHRAN-MEHRABAD,14/09/2022,21Z,27.3,25%,1000.9 Hpa,calm.,,5/8,3/8 SC,AC,-,-,-,-,Cloudy
TEHRAN-MEHRABAD,14/09/2022,18Z,30.8,13%,1000.9 Hpa,calm.,,5/8,3/8 SC,AC,-,-,-,-,Cloudy
TEHRAN-MEHRABAD,14/09/2022,15Z,33.4,10%,1000.8 Hpa,040º (NE),7.2,4/8,3/8 SC,AC,-,-,35.8,-,Scattered clouds
TEHRAN-MEHRABAD,14/09/2022,12Z,34.7,9%,1001.0 Hpa,230º (SW),7.2,2/8,-,2/8 AC,-,-,-,-,Few clouds
TEHRAN-MEHRABAD,14/09/2022,09Z,32.7,9%,1003.3 Hpa,130º (SE),14.4,2/8,-,2/8 AC,-,-,-,-,Few clouds
TEHRAN-MEHRABAD,14/09/2022,06Z,30.2,12%,1005.3 Hpa,170º (S ),7.2,1/8,-,1/8 AC,-,-,-,-,Few clouds
TEHRAN-MEHRABAD,14/09/2022,03Z,23.0,29%,1004.4 Hpa,010º (N),10.8,0/8,-,-,-,-,-,22.3,Clear
TEHRAN-MEHRABAD,14/09/2022,00Z,22.7,27%,1003.4 Hpa,calm.,,0/8,-,-,-,-,-,-,Clear
TORBAT-HEYDARIEH,14/09/2022,21Z,17.6,21%,1004.6 Hpa,calm.,,0/8,-,-,-,-,-,-,Clear
TORBAT-HEYDARIEH,14/09/2022,18Z,20.7,17%,1005.1 Hpa,calm.,,0/8,-,-,-,-,-,-,Clear
TORBAT-HEYDARIEH,14/09/2022,15Z,28.0,13%,1005.3 Hpa,calm.,,0/8,-,-,-,-,31.9,-,Clear
TORBAT-HEYDARIEH,14/09/2022,12Z,31.8,11%,1004.0 Hpa,200º (S ),18.0,0/8,-,-,-,-,-,-,Clear
TORBAT-HEYDARIEH,14/09/2022,09Z,30.1,12%,1004.6 Hpa,150º (SE),14.4,0/8,-,-,-,-,-,-,Clear
TORBAT-HEYDARIEH,14/09/2022,06Z,26.9,14%,1005.7 Hpa,170º (S ),14.4,0/8,-,-,-,-,-,-,Clear
TORBAT-HEYDARIEH,14/09/2022,03Z,14.5,24%,1007.8 Hpa,300º (NW),7.2,0/8,-,-,-,-,-,10.9,Clear
TORBAT-HEYDARIEH,14/09/2022,00Z,12.3,26%,1006.7 Hpa,calm.,,0/8,-,-,-,-,-,-,Clear
YASOGE,14/09/2022,21Z,16.8,55%,1004.8 Hpa,calm.,,1/8,1/8 CU,-,-,-,-,-,Few clouds
YASOGE,14/09/2022,18Z,20.2,53%,1006.3 Hpa,calm.,,2/8,2/8 SC,-,-,-,-,-,Few clouds
YASOGE,14/09/2022,15Z,27.4,24%,1006.3 Hpa,250º (W ),10.8,3/8,3/8 SC,-,-,-,32.6,-,Scattered clouds
YASOGE,14/09/2022,12Z,31.4,10%,1004.0 Hpa,200º (S ),18.0,0/8,-,-,-,-,-,-,Clear
YASOGE,14/09/2022,09Z,31.2,13%,1005.5 Hpa,080º (E ),7.2,0/8,-,-,-,-,-,-,Clear
YASOGE,14/09/2022,06Z,24.6,34%,1007.6 Hpa,calm.,,0/8,-,-,-,-,-,-,Clear
YASOGE,14/09/2022,03Z,14.6,54%,1007.7 Hpa,calm.,,0/8,-,-,-,-,-,14.4,Clear
YASOGE,14/09/2022,00Z,16.6,45%,1004.5 Hpa,calm.,,0/8,-,-,-,-,-,-,Clear
YAZD,14/09/2022,21Z,26.2,16%,1002.3 Hpa,calm.,,0/8,-,-,-,-,-,-,Clear
YAZD,14/09/2022,18Z,30.4,14%,1002.6 Hpa,180º (S ),10.8,0/8,-,-,-,-,-,-,Clear
YAZD,14/09/2022,15Z,33.7,12%,1002.8 Hpa,340º (N ),3.6,0/8,-,-,-,-,37.8,-,Clear
YAZD,14/09/2022,12Z,37.2,9%,1001.7 Hpa,350º (N ),14.4,1/8,1/8 CU,-,-,-,-,-,Few clouds
YAZD,14/09/2022,09Z,36.4,10%,1003.0 Hpa,360º (N ),10.8,1/8,1/8 CU/SC,-,-,-,-,-,Few clouds
YAZD,14/09/2022,06Z,31.1,15%,1004.7 Hpa,100º (E ),7.2,1/8,1/8 CU,-,-,-,-,-,Few clouds
YAZD,14/09/2022,03Z,21.7,21%,1005.9 Hpa,220º (SW),3.6,0/8,-,-,-,-,-,20.6,Clear
YAZD,14/09/2022,00Z,23.2,20%,1003.2 Hpa,160º (S ),3.6,0/8,-,-,-,-,-,-,Clear
ZABOL,14/09/2022,21Z,20.1,18%,1004.9 Hpa,260º (W ),14.4,0/8,-,-,-,-,-,-,Clear
ZABOL,14/09/2022,18Z,24.3,15%,1005.1 Hpa,290º (W ),14.4,0/8,-,-,-,-,-,-,Clear
ZABOL,14/09/2022,15Z,30.6,9%,1003.4 Hpa,360º (N ),10.8,0/8,-,-,-,-,39.2,-,Clear
ZABOL,14/09/2022,12Z,38.8,7%,1002.1 Hpa,360º (N ),21.6,0/8,-,-,-,-,-,-,Clear
ZABOL,14/09/2022,09Z,37.5,7%,1003.7 Hpa,360º (N ),21.6,0/8,-,-,-,-,-,-,Clear
ZABOL,14/09/2022,06Z,32.4,12%,1006.3 Hpa,340º (N ),28.8,0/8,-,-,-,-,-,-,Clear
ZABOL,14/09/2022,03Z,20.8,21%,1007.4 Hpa,220º (SW),7.2,0/8,-,-,-,-,-,16.2,Clear
ZABOL,14/09/2022,00Z,19.8,20%,1005.5 Hpa,330º (NW),14.4,0/8,-,-,-,-,-,-,Clear
ZAHEDAN,14/09/2022,21Z,17.2,18%,1004.7 Hpa,170º (S ),10.8,0/8,-,-,-,-,-,-,Clear
ZAHEDAN,14/09/2022,18Z,22.0,16%,1005.0 Hpa,calm.,,0/8,-,-,-,-,-,-,Clear
ZAHEDAN,14/09/2022,15Z,27.6,12%,1004.7 Hpa,calm.,,0/8,-,-,-,-,34.7,-,Clear
ZAHEDAN,14/09/2022,12Z,32.7,10%,1002.4 Hpa,050º (NE),18.0,0/8,-,-,-,-,-,-,Clear
ZAHEDAN,14/09/2022,09Z,34.4,10%,1002.3 Hpa,020º (N),18.0,0/8,-,-,-,-,-,-,Clear
ZAHEDAN,14/09/2022,06Z,30.4,13%,1004.6 Hpa,020º (N),10.8,0/8,-,-,-,-,-,-,Clear
ZAHEDAN,14/09/2022,03Z,20.8,21%,1005.6 Hpa,110º (E ),7.2,0/8,-,-,-,-,-,15.8,Clear
ZAHEDAN,14/09/2022,00Z,17.1,25%,1003.9 Hpa,200º (S ),7.2,0/8,-,-,-,-,-,-,Clear
ZANJAN,14/09/2022,21Z,14.4,31%,1003.7 Hpa,040º (NE),3.6,0/8,-,-,-,-,-,-,Clear
ZANJAN,14/09/2022,18Z,18.9,21%,1002.6 Hpa,230º (SW),3.6,0/8,-,-,-,-,-,-,"Clear, dust"
ZANJAN,14/09/2022,15Z,28.6,7%,1001.4 Hpa,270º (W ),10.8,0/8,-,-,-,-,32.1,-,"Clear, dust"
ZANJAN,14/09/2022,12Z,31.1,9%,999.3 Hpa,240º (SW),21.6,4/8,4/8 CU,-,-,-,-,-,"Scattered clouds, dust"
ZANJAN,14/09/2022,09Z,30.2,12%,1001.5 Hpa,230º (SW),18.0,1/8,1/8 CU,-,-,-,-,-,Few clouds
ZANJAN,14/09/2022,06Z,26.7,16%,1003.1 Hpa,030º (NE),7.2,3/8,-,3/8 AC,-,-,-,-,Scattered clouds
ZANJAN,14/09/2022,03Z,15.5,28%,1003.4 Hpa,100º (E ),7.2,4/8,4/8 CU,-,-,-,-,14.1,Scattered clouds
ZANJAN,14/09/2022,00Z,16.2,24%,1001.8 Hpa,090º (E ),7.2,0/8,-,-,-,-,-,-,Clear
