Station ∆,Date,UTC time,Temp. (ºC),Rel. Hum. (%),Pressure/ Geopot.,Wind dir,Wins speed (Km/h),Clouds,Low clouds,Medium clouds,High clouds,Prec. (mm),Max temp. (ºC),Min temp. (ºC),Conditions
ABADAN,26/01/2022,21Z,16.0,89%,1012.7 Hpa,calm.,,5/8,5/8 CB,-,-,-,-,-,"Cloudy, mist"
ABADAN,26/01/2022,18Z,17.5,79%,1012.9 Hpa,130º (SE),14.4,0/8,-,-,-,-,-,-,Clear
ABADAN,26/01/2022,15Z,18.8,60%,1012.5 Hpa,140º (SE),14.4,0/8,-,-,-,-,22.6,-,Clear
ABADAN,26/01/2022,12Z,22.6,35%,1012.6 Hpa,120º (SE),25.2,0/8,-,-,-,-,-,-,"Clear, dust"
ABADAN,26/01/2022,09Z,21.0,36%,1015.6 Hpa,130º (SE),10.8,5/8,5/8 SC,-,-,-,-,-,"Cloudy, haze"
ABADAN,26/01/2022,06Z,13.6,65%,1017.9 Hpa,090º (E ),3.6,5/8,5/8 SC,-,-,-,-,-,"Cloudy, haze"
ABADAN,26/01/2022,03Z,9.6,67%,1017.5 Hpa,040º (NE),3.6,0/8,-,-,-,-,-,9.6,Clear
ABADAN,26/01/2022,00Z,10.6,60%,1018.0 Hpa,010º (N),3.6,0/8,-,-,-,-,-,-,Clear
ABADEH,26/01/2022,21Z,8.9,49%,1011.4 Hpa,200º (S ),18.0,0/8,-,-,-,-,-,-,Clear
ABADEH,26/01/2022,18Z,9.3,45%,1014.2 Hpa,220º (SW),14.4,0/8,-,-,-,-,-,-,Clear
ABADEH,26/01/2022,15Z,9.8,39%,1016.2 Hpa,170º (S ),7.2,0/8,-,-,-,-,13.8,-,Clear
ABADEH,26/01/2022,12Z,13.7,22%,1015.6 Hpa,230º (SW),7.2,0/8,-,-,-,-,-,-,Clear
ABADEH,26/01/2022,09Z,11.9,21%,1017.6 Hpa,240º (SW),21.6,0/8,-,-,-,-,-,-,Clear
ABADEH,26/01/2022,06Z,8.2,26%,1020.6 Hpa,320º (NW),3.6,0/8,-,-,-,-,-,-,Clear
ABADEH,26/01/2022,03Z,1.3,48%,1019.9 Hpa,290º (W ),3.6,0/8,-,-,-,-,-,-2.4,Clear
ABADEH,26/01/2022,00Z,-0.9,61%,1018.3 Hpa,310º (NW),3.6,0/8,-,-,-,-,-,-,Clear
ABU MUSA,26/01/2022,15Z,21.0,44%,1015.2 Hpa,050º (NE),7.2,0/8,-,-,-,-,25.0,-,Clear
ABU MUSA,26/01/2022,12Z,25.0,134%,1014.7 Hpa,060º (NE),10.8,0/8,-,-,-,-,-,-,Clear
ABU MUSA,26/01/2022,09Z,24.6,52%,1016.6 Hpa,060º (NE),10.8,0/8,-,-,-,-,-,-,"Clear, haze"
ABU MUSA,26/01/2022,06Z,22.4,157%,1018.1 Hpa,090º (E ),10.8,2/8,2/8 ST,-,-,-,-,-,"Few clouds, haze"
ABU MUSA,26/01/2022,03Z,17.2,77%,1016.1 Hpa,calm.,,0/8,-,-,-,-,-,17.0,"Clear, haze"
AHAR,26/01/2022,21Z,0.6,62%,1013.6 Hpa,320º (NW),18.0,6/8,2/8 SC,AC,-,-,-,-,Cloudy
AHAR,26/01/2022,18Z,0.2,57%,1016.5 Hpa,310º (NW),10.8,5/8,2/8 SC,AC,-,-,-,-,Cloudy
AHAR,26/01/2022,15Z,-0.7,63%,1017.8 Hpa,260º (W ),14.4,0/8,-,-,-,-,4.1,-,Clear
AHAR,26/01/2022,12Z,3.8,49%,1016.4 Hpa,250º (W ),21.6,0/8,-,-,-,-,-,-,Clear
AHAR,26/01/2022,09Z,3.3,50%,1018.5 Hpa,260º (W ),21.6,0/8,-,-,-,-,-,-,Clear
AHAR,26/01/2022,06Z,-1.0,56%,1021.8 Hpa,260º (W ),21.6,0/8,-,-,-,-,-,-,Clear
AHAR,26/01/2022,03Z,-4.0,68%,1021.1 Hpa,calm.,,0/8,-,-,-,-,-,-4.9,Clear
AHAR,26/01/2022,00Z,-1.8,56%,1019.7 Hpa,210º (SW),7.2,0/8,-,-,-,-,-,-,Clear
AHWAZ,26/01/2022,21Z,16.5,57%,1012.3 Hpa,160º (S ),14.4,4/8,2/8 SC,AC,-,-,-,-,"Scattered clouds, haze"
AHWAZ,26/01/2022,18Z,17.0,55%,1013.1 Hpa,180º (S ),10.8,0/8,-,-,-,-,-,-,"Clear, haze"
AHWAZ,26/01/2022,15Z,19.2,52%,1012.1 Hpa,170º (S ),10.8,0/8,-,-,-,-,23.5,-,"Clear, haze"
AHWAZ,26/01/2022,12Z,23.4,38%,1012.6 Hpa,170º (S ),10.8,6/8,3/8 SC,AC,-,-,-,-,"Cloudy, haze"
AHWAZ,26/01/2022,09Z,19.4,52%,1015.1 Hpa,130º (SE),7.2,6/8,6/8 CB,-,-,-,-,-,"Cloudy, haze"
AHWAZ,26/01/2022,06Z,11.4,69%,1018.0 Hpa,090º (E ),3.6,6/8,6/8 SC,-,-,-,-,-,"Cloudy, haze"
AHWAZ,26/01/2022,03Z,8.0,74%,1016.9 Hpa,040º (NE),3.6,0/8,-,-,-,-,-,7.0,"Clear, haze"
AHWAZ,26/01/2022,00Z,7.8,76%,1017.1 Hpa,260º (W ),3.6,0/8,-,-,-,-,-,-,"Clear, haze"
ALI-GOODARZ,26/01/2022,21Z,5.2,58%,1009.5 Hpa,180º (S ),57.6,6/8,5/8 CB,AC,-,-,-,-,Cloudy
ALI-GOODARZ,26/01/2022,18Z,5.0,59%,1012.7 Hpa,170º (S ),46.8,6/8,5/8 CB,AC,-,-,-,-,Cloudy
ALI-GOODARZ,26/01/2022,15Z,3.4,71%,1018.5 Hpa,180º (S ),32.4,6/8,5/8 CB,AC,-,-,9.6,-,Cloudy
ALI-GOODARZ,26/01/2022,12Z,6.5,49%,1015.3 Hpa,180º (S ),36.0,4/8,4/8 SC,-,-,-,-,-,Scattered clouds
ALI-GOODARZ,26/01/2022,09Z,9.2,33%,1015.9 Hpa,140º (SE),18.0,3/8,3/8 SC,-,-,-,-,-,Scattered clouds
ALI-GOODARZ,26/01/2022,06Z,5.6,37%,1020.5 Hpa,130º (SE),25.2,0/8,-,-,-,-,-,-,Clear
ALI-GOODARZ,26/01/2022,03Z,-3.2,82%,1022.9 Hpa,120º (SE),7.2,0/8,-,-,-,-,-,-4.6,Clear
ALI-GOODARZ,26/01/2022,00Z,0.6,58%,1019.6 Hpa,100º (E ),18.0,0/8,-,-,-,-,-,-,Clear
ANZALI,26/01/2022,21Z,9.6,89%,1014.6 Hpa,020º (N),14.4,8/8,5/8 CB,AC,,-,-,-,"Overcast, mist"
ANZALI,26/01/2022,18Z,9.4,90%,1015.5 Hpa,310º (NW),14.4,7/8,5/8 CB,AC,-,-,-,-,Cloudy
ANZALI,26/01/2022,15Z,10.5,86%,1016.5 Hpa,calm.,,8/8,6/8 CB,AC,,-,13.2,-,Overcast
ANZALI,26/01/2022,12Z,11.6,310%,1016.6 Hpa,010º (N),3.6,5/8,5/8 CB,-,-,-,-,-,Cloudy
ANZALI,26/01/2022,09Z,11.3,80%,1018.1 Hpa,310º (NW),7.2,2/8,2/8 CU,-,-,-,-,-,Few clouds
ANZALI,26/01/2022,06Z,8.8,207%,1020.4 Hpa,280º (W ),7.2,8/8,5/8 CB,AC,,0.8(6h),-,-,Overcast
ANZALI,26/01/2022,03Z,8.3,92%,1020.7 Hpa,280º (W ),10.8,8/8,4/8 SC,AC,,-,-,8.2,"Overcast, mist"
ANZALI,26/01/2022,00Z,8.5,90%,1022.3 Hpa,300º (NW),14.4,8/8,5/8 ST,AC,,1.0(6h),-,-,"Overcast, rain"
ARAK,26/01/2022,21Z,4.4,59%,1008.4 Hpa,360º (N ),3.6,0/8,-,-,-,-,-,-,Clear
ARAK,26/01/2022,18Z,6.4,52%,1013.5 Hpa,210º (SW),7.2,0/8,-,-,-,-,-,-,Clear
ARAK,26/01/2022,15Z,8.2,53%,1014.6 Hpa,210º (SW),7.2,6/8,1/8 SC,-,CI,-,13.2,-,Cloudy
ARAK,26/01/2022,12Z,12.4,37%,1013.2 Hpa,140º (SE),10.8,3/8,1/8 SC,-,CI,-,-,-,Scattered clouds
ARAK,26/01/2022,09Z,12.4,33%,1014.7 Hpa,240º (SW),14.4,1/8,1/8 SC,AC,-,-,-,-,Few clouds
ARAK,26/01/2022,06Z,1.0,60%,1020.1 Hpa,calm.,,0/8,-,-,-,-,-,-,Clear
ARAK,26/01/2022,03Z,-3.0,77%,1021.1 Hpa,calm.,,0/8,-,-,-,-,-,-3.0,"Clear, haze"
ARAK,26/01/2022,00Z,-1.0,75%,1018.1 Hpa,calm.,,0/8,-,-,-,-,-,-,"Clear, haze"
ARDEBIL,26/01/2022,21Z,-0.4,77%,1012.0 Hpa,120º (SE),7.2,3/8,1/8 SC,AC,CI,-,-,-,Scattered clouds
ARDEBIL,26/01/2022,18Z,1.8,70%,1013.7 Hpa,180º (S ),21.6,6/8,2/8 SC,AC,CI,-,-,-,Cloudy
ARDEBIL,26/01/2022,15Z,1.0,67%,1014.8 Hpa,180º (S ),32.4,4/8,1/8 SC,AC,CI,-,4.5,-,Scattered clouds
ARDEBIL,26/01/2022,12Z,4.2,59%,1014.9 Hpa,180º (S ),36.0,0/8,-,-,-,-,-,-,Clear
ARDEBIL,26/01/2022,09Z,3.6,64%,1017.4 Hpa,180º (S ),43.2,0/8,-,-,-,-,-,-,Clear
ARDEBIL,26/01/2022,06Z,-0.3,69%,1017.7 Hpa,180º (S ),36.0,0/8,-,-,-,-,-,-,Clear
ARDEBIL,26/01/2022,03Z,-4.3,80%,1018.8 Hpa,180º (S ),32.4,0/8,-,-,-,-,-,-7.2,"Clear, fog"
ARDEBIL,26/01/2022,00Z,-5.7,100%,1019.8 Hpa,calm.,,,-,-,-,-,-,-,rime
BABULSAR,26/01/2022,21Z,11.0,85%,1013.8 Hpa,calm.,,7/8,7/8 ST,-,-,-,-,-,Cloudy
BABULSAR,26/01/2022,18Z,11.2,85%,1014.5 Hpa,calm.,,7/8,7/8 ST,-,-,-,-,-,Cloudy
BABULSAR,26/01/2022,15Z,11.0,87%,1015.2 Hpa,250º (W ),3.6,3/8,-,3/8 AC,-,-,14.2,-,Scattered clouds
BABULSAR,26/01/2022,12Z,13.4,74%,1016.1 Hpa,250º (W ),7.2,0/8,-,-,-,-,-,-,Clear
BABULSAR,26/01/2022,09Z,13.6,72%,1017.3 Hpa,270º (W ),7.2,7/8,3/8 CU,-,CI,-,-,-,Cloudy
BABULSAR,26/01/2022,06Z,9.6,78%,1019.9 Hpa,180º (S ),7.2,7/8,-,-,CI,-,-,-,Cloudy
BABULSAR,26/01/2022,03Z,6.0,93%,1020.1 Hpa,calm.,,7/8,-,-,CI,-,-,5.8,Cloudy
BABULSAR,26/01/2022,00Z,6.6,87%,1020.9 Hpa,calm.,,0/8,-,-,-,-,-,-,Clear
BAFT,26/01/2022,21Z,4.8,37%,1016.9 Hpa,040º (NE),10.8,0/8,-,-,-,-,-,-,Clear
BAFT,26/01/2022,18Z,5.2,37%,1018.9 Hpa,calm.,,0/8,-,-,-,-,-,-,Clear
BAFT,26/01/2022,15Z,8.8,22%,1019.3 Hpa,010º (N),10.8,0/8,-,-,-,-,13.8,-,Clear
BAFT,26/01/2022,12Z,13.6,17%,1015.7 Hpa,300º (NW),10.8,0/8,-,-,-,-,-,-,Clear
BAFT,26/01/2022,09Z,11.2,27%,1018.0 Hpa,calm.,,0/8,-,-,-,-,-,-,Clear
BAFT,26/01/2022,06Z,7.0,44%,1019.7 Hpa,calm.,,0/8,-,-,-,-,-,-,Clear
BAFT,26/01/2022,03Z,0.6,64%,1020.8 Hpa,calm.,,0/8,-,-,-,-,-,0.4,Clear
BAFT,26/01/2022,00Z,1.0,59%,1017.0 Hpa,calm.,,0/8,-,-,-,-,-,-,Clear
BAM,26/01/2022,21Z,10.1,30%,1015.8 Hpa,270º (W ),7.2,0/8,-,-,-,-,-,-,Clear
BAM,26/01/2022,18Z,10.7,29%,1017.5 Hpa,calm.,,0/8,-,-,-,-,-,-,Clear
BAM,26/01/2022,15Z,14.4,22%,1017.7 Hpa,calm.,,0/8,-,-,-,-,20.2,-,Clear
BAM,26/01/2022,12Z,18.7,11%,1015.8 Hpa,090º (E ),7.2,0/8,-,-,-,-,-,-,Clear
BAM,26/01/2022,09Z,18.1,12%,1018.0 Hpa,090º (E ),10.8,0/8,-,-,-,-,-,-,Clear
BAM,26/01/2022,06Z,13.8,22%,1020.7 Hpa,290º (W ),10.8,0/8,-,-,-,-,-,-,Clear
BAM,26/01/2022,03Z,7.3,29%,1020.9 Hpa,280º (W ),10.8,0/8,-,-,-,-,-,6.7,Clear
BAM,26/01/2022,00Z,7.1,30%,1019.4 Hpa,290º (W ),10.8,0/8,-,-,-,-,-,-,Clear
BANDAR LENGEH,26/01/2022,21Z,16.0,79%,1016.4 Hpa,010º (N),7.2,0/8,-,-,-,-,-,-,Clear
BANDAR LENGEH,26/01/2022,18Z,17.4,61%,1016.9 Hpa,350º (N ),7.2,0/8,-,-,-,-,-,-,Clear
BANDAR LENGEH,26/01/2022,15Z,21.2,47%,1016.4 Hpa,060º (NE),7.2,0/8,-,-,-,-,23.4,-,Clear
BANDAR LENGEH,26/01/2022,12Z,22.2,34%,1016.1 Hpa,050º (NE),10.8,0/8,-,-,-,-,-,-,Clear
BANDAR LENGEH,26/01/2022,09Z,23.0,45%,1017.9 Hpa,130º (SE),14.4,0/8,-,-,-,-,-,-,Clear
BANDAR LENGEH,26/01/2022,06Z,18.8,75%,1019.2 Hpa,050º (NE),10.8,0/8,-,-,-,-,-,-,"Clear, haze"
BANDAR LENGEH,26/01/2022,03Z,15.0,88%,1017.1 Hpa,030º (NE),7.2,0/8,-,-,-,-,-,13.0,"Clear, mist"
BANDAR LENGEH,26/01/2022,00Z,14.0,81%,1016.5 Hpa,330º (NW),7.2,0/8,-,-,-,-,-,-,Clear
BANDAR-E-DAYYER,26/01/2022,21Z,18.9,84%,1016.7 Hpa,360º (N ),7.2,0/8,-,-,-,-,-,-,Clear
BANDAR-E-DAYYER,26/01/2022,18Z,21.6,79%,1017.4 Hpa,150º (SE),7.2,0/8,-,-,-,-,-,-,Clear
BANDAR-E-DAYYER,26/01/2022,15Z,21.9,77%,1016.5 Hpa,140º (SE),7.2,0/8,-,-,-,-,24.4,-,Clear
BANDAR-E-DAYYER,26/01/2022,12Z,23.9,143%,1016.1 Hpa,190º (S ),10.8,0/8,-,-,-,-,-,-,Clear
BANDAR-E-DAYYER,26/01/2022,09Z,24.2,67%,1017.7 Hpa,150º (SE),14.4,0/8,-,-,-,-,-,-,Clear
BANDAR-E-DAYYER,26/01/2022,06Z,20.6,175%,1019.2 Hpa,020º (N),3.6,0/8,-,-,-,-,-,-,Clear
BANDAR-E-DAYYER,26/01/2022,03Z,13.7,68%,1017.5 Hpa,360º (N ),3.6,0/8,-,-,-,-,-,13.7,Clear
BANDAR-E-DAYYER,26/01/2022,00Z,16.5,59%,1016.9 Hpa,340º (N ),7.2,0/8,-,-,-,-,-,-,Clear
BANDARABBASS,26/01/2022,21Z,11.9,77%,1016.6 Hpa,360º (N ),7.2,0/8,-,-,-,-,-,-,"Clear, haze"
BANDARABBASS,26/01/2022,18Z,13.0,77%,1016.7 Hpa,360º (N ),7.2,0/8,-,-,-,-,-,-,Clear
BANDARABBASS,26/01/2022,15Z,16.6,69%,1016.0 Hpa,190º (S ),7.2,0/8,-,-,-,-,25.6,-,Clear
BANDARABBASS,26/01/2022,12Z,23.5,43%,1015.5 Hpa,200º (S ),18.0,0/8,-,-,-,-,-,-,Clear
BANDARABBASS,26/01/2022,09Z,24.3,33%,1017.4 Hpa,180º (S ),7.2,0/8,-,-,-,-,-,-,"Clear, haze"
BANDARABBASS,26/01/2022,06Z,21.1,45%,1019.3 Hpa,calm.,,0/8,-,-,-,-,-,-,"Clear, haze"
BANDARABBASS,26/01/2022,03Z,9.7,89%,1017.2 Hpa,350º (N ),7.2,0/8,-,-,-,-,-,8.9,"Clear, mist"
BANDARABBASS,26/01/2022,00Z,10.5,84%,1016.9 Hpa,310º (NW),7.2,0/8,-,-,-,-,-,-,"Clear, mist"
BIRJAND,26/01/2022,21Z,0.2,51%,1018.8 Hpa,110º (E ),7.2,0/8,-,-,-,-,-,-,Clear
BIRJAND,26/01/2022,18Z,1.0,50%,1021.3 Hpa,120º (SE),7.2,0/8,-,-,-,-,-,-,Clear
BIRJAND,26/01/2022,15Z,5.4,33%,1023.4 Hpa,090º (E ),7.2,0/8,-,-,-,-,13.7,-,Clear
BIRJAND,26/01/2022,12Z,13.0,14%,1020.2 Hpa,290º (W ),14.4,0/8,-,-,-,-,-,-,Clear
BIRJAND,26/01/2022,09Z,12.2,14%,1021.0 Hpa,270º (W ),14.4,0/8,-,-,-,-,-,-,Clear
BIRJAND,26/01/2022,06Z,7.3,30%,1024.4 Hpa,140º (SE),7.2,0/8,-,-,-,-,-,-,Clear
BIRJAND,26/01/2022,03Z,-5.4,65%,1025.6 Hpa,120º (SE),10.8,0/8,-,-,-,-,-,-5.6,Clear
BIRJAND,26/01/2022,00Z,-4.1,61%,1022.3 Hpa,120º (SE),10.8,0/8,-,-,-,-,-,-,Clear
BOJNOURD,26/01/2022,21Z,2.0,49%,1018.0 Hpa,calm.,,0/8,-,-,-,-,-,-,Clear
BOJNOURD,26/01/2022,18Z,3.1,41%,1020.8 Hpa,Vble.,,0/8,-,-,-,-,-,-,Clear
BOJNOURD,26/01/2022,15Z,3.0,51%,1022.8 Hpa,340º (N ),7.2,0/8,-,-,-,-,10.6,-,Clear
BOJNOURD,26/01/2022,12Z,10.5,23%,1021.1 Hpa,120º (SE),10.8,3/8,-,1/8 AC,CI,-,-,-,Scattered clouds
BOJNOURD,26/01/2022,09Z,6.1,36%,1023.6 Hpa,340º (N ),7.2,7/8,-,-,CC,-,-,-,Cloudy
BOJNOURD,26/01/2022,06Z,-0.2,57%,1027.2 Hpa,calm.,,7/8,-,-,CC,-,-,-,Cloudy
BOJNOURD,26/01/2022,03Z,-7.4,93%,1028.1 Hpa,calm.,,1/8,-,-,CI,-,-,-8.6,Few clouds
BOJNOURD,26/01/2022,00Z,-6.2,84%,1025.8 Hpa,calm.,,0/8,-,-,-,-,-,-,Clear
BUSHEHR (AIRPORT),26/01/2022,21Z,19.7,61%,1014.9 Hpa,160º (S ),18.0,4/8,-,4/8 AC,-,-,-,-,"Scattered clouds, haze"
BUSHEHR (AIRPORT),26/01/2022,18Z,19.7,67%,1014.9 Hpa,160º (S ),32.4,0/8,-,-,-,-,-,-,"Clear, haze"
BUSHEHR (AIRPORT),26/01/2022,15Z,18.6,62%,1014.6 Hpa,150º (SE),18.0,0/8,-,-,-,-,24.2,-,"Clear, haze"
BUSHEHR (AIRPORT),26/01/2022,12Z,23.2,33%,1015.0 Hpa,210º (SW),14.4,0/8,-,-,-,-,-,-,Clear
BUSHEHR (AIRPORT),26/01/2022,09Z,20.2,50%,1016.3 Hpa,330º (NW),7.2,0/8,-,-,-,-,-,-,Clear
BUSHEHR (AIRPORT),26/01/2022,06Z,16.4,59%,1018.4 Hpa,020º (N),7.2,0/8,-,-,-,-,-,-,Clear
BUSHEHR (AIRPORT),26/01/2022,03Z,9.3,84%,1017.0 Hpa,calm.,,0/8,-,-,-,-,-,9.2,"Clear, mist"
BUSHEHR (AIRPORT),26/01/2022,00Z,11.8,77%,1017.0 Hpa,calm.,,0/8,-,-,-,-,-,-,Clear
CHAHBAHAR,26/01/2022,21Z,17.9,62%,1017.3 Hpa,350º (N ),7.2,0/8,-,-,-,-,-,-,Clear
CHAHBAHAR,26/01/2022,18Z,20.1,57%,1017.9 Hpa,340º (N ),7.2,0/8,-,-,-,-,-,-,Clear
CHAHBAHAR,26/01/2022,15Z,21.6,23%,1016.0 Hpa,260º (W ),14.4,0/8,-,-,-,-,26.1,-,Clear
CHAHBAHAR,26/01/2022,12Z,24.3,27%,1013.9 Hpa,190º (S ),10.8,0/8,-,-,-,-,-,-,Clear
CHAHBAHAR,26/01/2022,09Z,24.7,19%,1015.8 Hpa,170º (S ),10.8,0/8,-,-,-,-,-,-,Clear
CHAHBAHAR,26/01/2022,06Z,23.4,22%,1018.9 Hpa,090º (E ),7.2,0/8,-,-,-,-,-,-,Clear
CHAHBAHAR,26/01/2022,03Z,14.4,4279%,1018.7 Hpa,040º (NE),7.2,0/8,-,-,-,-,-,13.8,Clear
CHAHBAHAR,26/01/2022,00Z,15.9,44%,1017.2 Hpa,calm.,,0/8,-,-,-,-,-,-,Clear
ESFAHAN,26/01/2022,21Z,9.9,43%,1010.9 Hpa,290º (W ),3.6,0/8,-,-,-,-,-,-,Clear
ESFAHAN,26/01/2022,18Z,9.5,36%,1014.1 Hpa,290º (W ),7.2,0/8,-,-,-,-,-,-,"Clear, haze"
ESFAHAN,26/01/2022,15Z,10.5,29%,1017.8 Hpa,calm.,,1/8,1/8 SC,-,-,-,16.3,-,"Few clouds, haze"
ESFAHAN,26/01/2022,12Z,15.3,21%,1015.5 Hpa,140º (SE),7.2,3/8,3/8 SC,-,-,-,-,-,"Scattered clouds, haze"
ESFAHAN,26/01/2022,09Z,12.8,27%,1019.3 Hpa,140º (SE),3.6,0/8,-,-,-,-,-,-,"Clear, haze"
ESFAHAN,26/01/2022,06Z,8.3,37%,1022.0 Hpa,120º (SE),3.6,0/8,-,-,-,-,-,-,"Clear, haze"
ESFAHAN,26/01/2022,03Z,-2.5,71%,1022.4 Hpa,250º (W ),3.6,0/8,-,-,-,-,-,-2.6,"Clear, haze"
ESFAHAN,26/01/2022,00Z,0.1,62%,1019.2 Hpa,calm.,,0/8,-,-,-,-,-,-,"Clear, haze"
FASA,26/01/2022,21Z,6.0,77%,1018.5 Hpa,330º (NW),7.2,0/8,-,-,-,-,-,-,Clear
FASA,26/01/2022,18Z,9.4,59%,1019.3 Hpa,040º (NE),7.2,0/8,-,-,-,-,-,-,Clear
FASA,26/01/2022,15Z,13.4,47%,1019.0 Hpa,calm.,,0/8,-,-,-,-,17.6,-,Clear
FASA,26/01/2022,12Z,17.6,27%,1016.9 Hpa,130º (SE),10.8,0/8,-,-,-,-,-,-,Clear
FASA,26/01/2022,09Z,16.2,33%,1018.9 Hpa,130º (SE),7.2,0/8,-,-,-,-,-,-,Clear
FASA,26/01/2022,06Z,9.6,59%,1022.7 Hpa,calm.,,0/8,-,-,-,-,-,-,Clear
FASA,26/01/2022,03Z,1.6,86%,1021.2 Hpa,calm.,,0/8,-,-,-,-,-,1.6,Clear
FASA,26/01/2022,00Z,3.2,81%,1018.7 Hpa,calm.,,0/8,-,-,-,-,-,-,Clear
FERDOUS,26/01/2022,21Z,7.1,30%,1016.2 Hpa,080º (E ),10.8,2/8,-,2/8 AC,-,-,-,-,Few clouds
FERDOUS,26/01/2022,18Z,4.7,46%,1019.8 Hpa,calm.,,0/8,-,-,-,-,-,-,Clear
FERDOUS,26/01/2022,15Z,8.2,32%,1020.9 Hpa,calm.,,0/8,-,-,-,-,14.1,-,Clear
FERDOUS,26/01/2022,12Z,13.8,18%,1018.7 Hpa,170º (S ),10.8,0/8,-,-,-,-,-,-,Clear
FERDOUS,26/01/2022,09Z,12.6,22%,1020.0 Hpa,140º (SE),7.2,0/8,-,-,-,-,-,-,Clear
FERDOUS,26/01/2022,06Z,6.4,37%,1023.8 Hpa,calm.,,0/8,-,-,-,-,-,-,Clear
FERDOUS,26/01/2022,03Z,-0.7,54%,1023.3 Hpa,060º (NE),7.2,0/8,-,-,-,-,-,-0.7,Clear
FERDOUS,26/01/2022,00Z,0.6,45%,1021.1 Hpa,050º (NE),10.8,0/8,-,-,-,-,-,-,Clear
GACH SARAN DU GUNBADAN,26/01/2022,21Z,15.4,43%,1018.1 Hpa,calm.,,4/8,1/8 SC,AC,-,-,-,-,Scattered clouds
GACH SARAN DU GUNBADAN,26/01/2022,18Z,15.1,42%,1018.6 Hpa,calm.,,4/8,1/8 SC,AC,-,-,-,-,Scattered clouds
GACH SARAN DU GUNBADAN,26/01/2022,15Z,17.2,37%,1016.6 Hpa,calm.,,6/8,3/8 SC,AC,-,-,21.3,-,Cloudy
GACH SARAN DU GUNBADAN,26/01/2022,12Z,20.4,30%,1015.7 Hpa,calm.,,6/8,3/8 SC,AC,-,-,-,-,Cloudy
GACH SARAN DU GUNBADAN,26/01/2022,09Z,19.8,29%,1017.5 Hpa,150º (SE),18.0,5/8,3/8 SC,AC,-,-,-,-,Cloudy
GACH SARAN DU GUNBADAN,26/01/2022,06Z,13.5,51%,1020.7 Hpa,calm.,,0/8,-,-,-,-,-,-,Clear
GACH SARAN DU GUNBADAN,26/01/2022,03Z,5.4,90%,1021.5 Hpa,calm.,,0/8,-,-,-,-,-,4.9,Clear
GACH SARAN DU GUNBADAN,26/01/2022,00Z,6.8,87%,1021.0 Hpa,calm.,,0/8,-,-,-,-,-,-,Clear
GHARAKHIL,26/01/2022,21Z,9.6,92%,1014.5 Hpa,calm.,,7/8,3/8 SC,AC,-,-,-,-,Cloudy
GHARAKHIL,26/01/2022,18Z,9.0,86%,1014.6 Hpa,calm.,,7/8,3/8 SC,AC,-,-,-,-,Cloudy
GHARAKHIL,26/01/2022,15Z,8.4,80%,1014.5 Hpa,calm.,,1/8,-,1/8 AC,-,-,15.4,-,Few clouds
GHARAKHIL,26/01/2022,12Z,15.0,67%,1016.3 Hpa,020º (N),10.8,2/8,1/8 SC,AC,-,-,-,-,Few clouds
GHARAKHIL,26/01/2022,09Z,14.4,71%,1017.9 Hpa,250º (W ),7.2,5/8,2/8 SC,AC,-,-,-,-,Cloudy
GHARAKHIL,26/01/2022,06Z,11.2,85%,1020.5 Hpa,200º (S ),14.4,6/8,5/8 CB,AC,-,3.0(24h),-,-,Cloudy
GHARAKHIL,26/01/2022,03Z,7.2,82%,1021.3 Hpa,170º (S ),10.8,7/8,4/8 SC,AC,-,-,-,2.0,Cloudy
GHARAKHIL,26/01/2022,00Z,4.2,93%,1021.7 Hpa,calm.,,0/8,-,-,-,3.0(6h),-,-,Clear
GHAZVIN,26/01/2022,21Z,4.4,42%,1012.5 Hpa,130º (SE),18.0,7/8,3/8 SC,AC,CI,-,-,-,"Cloudy, haze"
GHAZVIN,26/01/2022,18Z,5.3,42%,1014.9 Hpa,120º (SE),18.0,7/8,3/8 SC,AC,CI,-,-,-,"Cloudy, haze"
GHAZVIN,26/01/2022,15Z,6.4,40%,1016.4 Hpa,150º (SE),18.0,7/8,-,4/8 AC,CI,-,10.6,-,"Cloudy, haze"
GHAZVIN,26/01/2022,12Z,10.0,35%,1015.3 Hpa,150º (SE),25.2,2/8,-,2/8 AC,-,-,-,-,"Few clouds, haze"
GHAZVIN,26/01/2022,09Z,8.8,34%,1018.2 Hpa,140º (SE),25.2,1/8,1/8 SC,-,-,-,-,-,"Few clouds, haze"
GHAZVIN,26/01/2022,06Z,3.5,49%,1021.5 Hpa,130º (SE),7.2,6/8,-,2/8 AC,CI,-,-,-,"Cloudy, haze"
GHAZVIN,26/01/2022,03Z,-1.2,65%,1021.6 Hpa,calm.,,0/8,-,-,-,-,-,-1.2,Clear
GHAZVIN,26/01/2022,00Z,-0.2,67%,1019.7 Hpa,060º (NE),3.6,0/8,-,-,-,-,-,-,Clear
GHUCHAN,26/01/2022,21Z,-0.8,51%,1018.6 Hpa,040º (NE),18.0,0/8,-,-,-,-,-,-,Clear
GHUCHAN,26/01/2022,18Z,2.0,43%,1021.0 Hpa,120º (SE),14.4,0/8,-,-,-,-,-,-,Clear
GHUCHAN,26/01/2022,15Z,3.2,43%,1023.5 Hpa,120º (SE),21.6,1/8,-,-,CI,-,9.4,-,Few clouds
GHUCHAN,26/01/2022,12Z,8.4,27%,1021.5 Hpa,100º (E ),21.6,3/8,1/8 SC,-,CI,-,-,-,Scattered clouds
GHUCHAN,26/01/2022,09Z,7.7,40%,1022.2 Hpa,090º (E ),18.0,5/8,-,-,CI,-,-,-,Cloudy
GHUCHAN,26/01/2022,06Z,0.9,64%,1026.7 Hpa,060º (NE),10.8,5/8,-,-,CI,-,-,-,Cloudy
GHUCHAN,26/01/2022,03Z,-6.7,78%,1027.1 Hpa,calm.,,0/8,-,-,-,-,-,-6.7,Clear
GHUCHAN,26/01/2022,00Z,-5.4,78%,1025.2 Hpa,calm.,,0/8,-,-,-,-,-,-,Clear
GORGAN,26/01/2022,21Z,6.6,93%,1015.2 Hpa,calm.,,7/8,-,7/8 AC,-,-,-,-,"Cloudy, mist"
GORGAN,26/01/2022,18Z,5.7,91%,1016.5 Hpa,220º (SW),10.8,0/8,-,-,-,-,-,-,"Clear, mist"
GORGAN,26/01/2022,15Z,7.7,87%,1017.4 Hpa,calm.,,0/8,-,-,-,-,14.4,-,"Clear, mist"
GORGAN,26/01/2022,12Z,14.2,50%,1017.6 Hpa,calm.,,0/8,-,-,-,-,-,-,"Clear, haze"
GORGAN,26/01/2022,09Z,13.0,58%,1019.5 Hpa,240º (SW),10.8,4/8,1/8 CU,-,CI,-,-,-,"Scattered clouds, haze"
GORGAN,26/01/2022,06Z,10.2,70%,1022.0 Hpa,calm.,,6/8,-,-,CI,-,-,-,"Cloudy, haze"
GORGAN,26/01/2022,03Z,1.3,85%,1022.0 Hpa,calm.,,6/8,-,-,CI,-,-,0.9,Cloudy
GORGAN,26/01/2022,00Z,2.0,89%,1022.6 Hpa,calm.,,0/8,-,-,-,-,-,-,Clear
HAMEDAN,26/01/2022,21Z,4.8,49%,1009.9 Hpa,280º (W ),7.2,5/8,3/8 SC,AC,-,-,-,-,Cloudy
HAMEDAN,26/01/2022,18Z,4.6,47%,1012.4 Hpa,130º (SE),25.2,5/8,3/8 SC,AC,-,-,-,-,Cloudy
HAMEDAN,26/01/2022,15Z,4.7,54%,1014.8 Hpa,130º (SE),21.6,5/8,3/8 SC,AC,-,-,7.6,-,Cloudy
HAMEDAN,26/01/2022,12Z,6.1,59%,1015.4 Hpa,310º (NW),7.2,7/8,3/8 SC,AC,-,-,-,-,Cloudy
HAMEDAN,26/01/2022,09Z,3.1,62%,1018.8 Hpa,330º (NW),7.2,4/8,3/8 SC,-,CI,-,-,-,Scattered clouds
HAMEDAN,26/01/2022,06Z,-2.1,82%,1021.1 Hpa,310º (NW),7.2,1/8,-,-,CI,-,-,-,Few clouds
HAMEDAN,26/01/2022,03Z,-5.7,91%,1021.5 Hpa,calm.,,0/8,-,-,-,-,-,-6.9,Clear
HAMEDAN,26/01/2022,00Z,-6.8,89%,1020.4 Hpa,calm.,,0/8,-,-,-,-,-,-,Clear
ILAM,26/01/2022,21Z,7.4,68%,1011.7 Hpa,140º (SE),14.4,6/8,2/8 SC,AC,-,-,-,-,"Cloudy, haze"
ILAM,26/01/2022,18Z,7.7,56%,1014.2 Hpa,130º (SE),10.8,5/8,2/8 SC,AC,-,-,-,-,Cloudy
ILAM,26/01/2022,15Z,8.7,40%,1014.8 Hpa,140º (SE),18.0,5/8,4/8 CB,AC,-,-,12.8,-,Cloudy
ILAM,26/01/2022,12Z,11.5,29%,1015.1 Hpa,140º (SE),10.8,6/8,3/8 SC,AC,-,-,-,-,Cloudy
ILAM,26/01/2022,09Z,11.9,30%,1017.1 Hpa,160º (S ),10.8,6/8,3/8 SC,AC,-,-,-,-,Cloudy
ILAM,26/01/2022,06Z,6.1,44%,1021.2 Hpa,130º (SE),7.2,5/8,4/8 SC,AC,-,-,-,-,Cloudy
ILAM,26/01/2022,03Z,1.8,53%,1020.9 Hpa,110º (E ),10.8,0/8,-,-,-,-,-,0.5,Clear
ILAM,26/01/2022,00Z,1.3,61%,1020.3 Hpa,120º (SE),10.8,0/8,-,-,-,-,-,-,Clear
IRANSHAHR,26/01/2022,21Z,11.4,40%,1018.2 Hpa,360º (N ),10.8,0/8,-,-,-,-,-,-,Clear
IRANSHAHR,26/01/2022,18Z,12.3,44%,1019.0 Hpa,calm.,,0/8,-,-,-,-,-,-,Clear
IRANSHAHR,26/01/2022,15Z,17.0,28%,1018.6 Hpa,140º (SE),7.2,0/8,-,-,-,-,23.5,-,Clear
IRANSHAHR,26/01/2022,12Z,23.3,15%,1016.9 Hpa,230º (SW),7.2,0/8,-,-,-,-,-,-,Clear
IRANSHAHR,26/01/2022,09Z,20.5,15%,1019.1 Hpa,280º (W ),7.2,0/8,-,-,-,-,-,-,Clear
IRANSHAHR,26/01/2022,06Z,15.9,32%,1022.1 Hpa,calm.,,0/8,-,-,-,-,-,-,Clear
IRANSHAHR,26/01/2022,03Z,7.4,52%,1021.4 Hpa,360º (N ),10.8,0/8,-,-,-,-,-,7.0,Clear
IRANSHAHR,26/01/2022,00Z,7.5,59%,1019.7 Hpa,020º (N),7.2,0/8,-,-,-,-,-,-,Clear
JASK,26/01/2022,21Z,19.4,59%,1016.2 Hpa,050º (NE),7.2,0/8,-,-,-,-,-,-,"Clear, haze"
JASK,26/01/2022,18Z,19.7,58%,1016.7 Hpa,060º (NE),7.2,0/8,-,-,-,-,-,-,"Clear, haze"
JASK,26/01/2022,15Z,22.0,56%,1015.8 Hpa,200º (S ),7.2,0/8,-,-,-,-,24.0,-,Clear
JASK,26/01/2022,12Z,23.7,145%,1015.1 Hpa,220º (SW),10.8,0/8,-,-,-,-,-,-,Clear
JASK,26/01/2022,09Z,23.4,40%,1017.1 Hpa,130º (SE),7.2,0/8,-,-,-,-,-,-,Clear
JASK,26/01/2022,06Z,21.4,167%,1019.0 Hpa,080º (E ),7.2,0/8,-,-,-,-,-,-,Clear
JASK,26/01/2022,03Z,15.1,58%,1017.0 Hpa,020º (N),10.8,0/8,-,-,-,-,-,15.1,"Clear, haze"
JASK,26/01/2022,00Z,17.3,53%,1016.1 Hpa,040º (NE),7.2,0/8,-,-,-,-,-,-,"Clear, haze"
KAHNUJ,26/01/2022,21Z,9.8,64%,1013.0 Hpa,calm.,,0/8,-,-,-,-,-,-,Clear
KAHNUJ,26/01/2022,18Z,12.4,59%,1013.5 Hpa,290º (W ),7.2,0/8,-,-,-,-,-,-,Clear
KAHNUJ,26/01/2022,15Z,15.8,47%,1013.6 Hpa,calm.,,0/8,-,-,-,-,22.1,-,Clear
KAHNUJ,26/01/2022,12Z,21.9,29%,1012.4 Hpa,calm.,,0/8,-,-,-,-,-,-,Clear
KAHNUJ,26/01/2022,09Z,18.8,48%,1015.3 Hpa,calm.,,0/8,-,-,-,-,-,-,Clear
KAHNUJ,26/01/2022,06Z,15.2,71%,1017.0 Hpa,calm.,,0/8,-,-,-,-,-,-,Clear
KAHNUJ,26/01/2022,03Z,5.2,80%,1015.6 Hpa,calm.,,0/8,-,-,-,-,-,5.1,Clear
KAHNUJ,26/01/2022,00Z,6.3,75%,1014.1 Hpa,calm.,,0/8,-,-,-,-,-,-,Clear
KASHAN,26/01/2022,21Z,3.8,49%,1016.5 Hpa,calm.,,3/8,-,3/8 AC,-,-,-,-,Scattered clouds
KASHAN,26/01/2022,18Z,4.7,46%,1017.8 Hpa,calm.,,3/8,-,3/8 AC,-,-,-,-,Scattered clouds
KASHAN,26/01/2022,15Z,7.6,29%,1019.3 Hpa,calm.,,3/8,-,3/8 AC,-,-,12.6,-,Scattered clouds
KASHAN,26/01/2022,12Z,11.6,20%,1018.4 Hpa,340º (N ),7.2,0/8,-,-,-,-,-,-,Clear
KASHAN,26/01/2022,09Z,9.3,26%,1021.2 Hpa,340º (N ),7.2,0/8,-,-,-,-,-,-,Clear
KASHAN,26/01/2022,06Z,6.0,33%,1024.1 Hpa,320º (NW),7.2,0/8,-,-,-,-,-,-,Clear
KASHAN,26/01/2022,03Z,0.9,58%,1024.7 Hpa,240º (SW),3.6,0/8,-,-,-,-,-,0.3,Clear
KASHAN,26/01/2022,00Z,1.2,58%,1022.7 Hpa,240º (SW),3.6,0/8,-,-,-,-,-,-,Clear
KASHMAR,26/01/2022,21Z,5.2,39%,1019.0 Hpa,040º (NE),7.2,0/8,-,-,-,-,-,-,Clear
KASHMAR,26/01/2022,18Z,5.6,38%,1020.7 Hpa,calm.,,0/8,-,-,-,-,-,-,Clear
KASHMAR,26/01/2022,15Z,7.1,38%,1021.7 Hpa,calm.,,2/8,2/8 SC,-,-,-,12.5,-,Few clouds
KASHMAR,26/01/2022,12Z,12.1,25%,1020.2 Hpa,calm.,,2/8,2/8 SC,-,-,-,-,-,Few clouds
KASHMAR,26/01/2022,09Z,10.8,24%,1022.4 Hpa,150º (SE),18.0,0/8,-,-,-,-,-,-,Clear
KASHMAR,26/01/2022,06Z,7.3,30%,1024.5 Hpa,120º (SE),10.8,0/8,-,-,-,-,-,-,Clear
KASHMAR,26/01/2022,03Z,1.5,39%,1024.6 Hpa,010º (N),10.8,0/8,-,-,-,-,-,-1.3,Clear
KASHMAR,26/01/2022,00Z,1.2,43%,1022.8 Hpa,020º (N),10.8,0/8,-,-,-,-,-,-,Clear
KERMAN,26/01/2022,21Z,2.0,54%,1016.5 Hpa,090º (E ),7.2,0/8,-,-,-,-,-,-,Clear
KERMAN,26/01/2022,18Z,6.0,39%,1017.6 Hpa,110º (E ),7.2,0/8,-,-,-,-,-,-,Clear
KERMAN,26/01/2022,15Z,11.2,29%,1019.8 Hpa,330º (NW),10.8,0/8,-,-,-,-,17.9,-,Clear
KERMAN,26/01/2022,12Z,17.8,16%,1015.1 Hpa,250º (W ),36.0,0/8,-,-,-,-,-,-,Clear
KERMAN,26/01/2022,09Z,15.6,22%,1016.5 Hpa,220º (SW),21.6,0/8,-,-,-,-,-,-,Clear
KERMAN,26/01/2022,06Z,8.4,39%,1021.4 Hpa,calm.,,0/8,-,-,-,-,-,-,Clear
KERMAN,26/01/2022,03Z,-4.1,70%,1023.1 Hpa,calm.,,0/8,-,-,-,-,-,-4.3,Clear
KERMAN,26/01/2022,00Z,-1.7,57%,1019.5 Hpa,110º (E ),7.2,0/8,-,-,-,-,-,-,Clear
KERMANSHAH,26/01/2022,21Z,7.3,47%,1010.5 Hpa,110º (E ),7.2,6/8,4/8 CB,AC,-,-,-,-,Cloudy
KERMANSHAH,26/01/2022,18Z,8.6,27%,1012.9 Hpa,130º (SE),21.6,7/8,4/8 CB,AC,-,-,-,-,Cloudy
KERMANSHAH,26/01/2022,15Z,10.5,18%,1014.2 Hpa,120º (SE),21.6,8/8,3/8 CB,AC,,-,13.1,-,Overcast
KERMANSHAH,26/01/2022,12Z,12.8,17%,1013.7 Hpa,140º (SE),21.6,6/8,2/8 CB,AC,-,-,-,-,Cloudy
KERMANSHAH,26/01/2022,09Z,11.8,15%,1016.3 Hpa,120º (SE),10.8,6/8,2/8 CB,AC,-,-,-,-,Cloudy
KERMANSHAH,26/01/2022,06Z,3.7,67%,1021.2 Hpa,calm.,,2/8,-,2/8 AC,-,-,-,-,"Few clouds, haze"
KERMANSHAH,26/01/2022,03Z,-3.9,76%,1022.1 Hpa,calm.,,4/8,1/8 SC,AC,,-,-,-3.9,"Scattered clouds, haze"
KERMANSHAH,26/01/2022,00Z,-0.8,76%,1019.1 Hpa,calm.,,0/8,-,-,-,-,-,-,"Clear, haze"
KHARG,26/01/2022,15Z,19.4,77%,1014.4 Hpa,150º (SE),14.4,0/8,-,-,-,-,21.7,-,Clear
KHARG,26/01/2022,12Z,21.2,61%,1014.9 Hpa,150º (SE),10.8,0/8,-,-,-,-,-,-,Clear
KHARG,26/01/2022,09Z,19.6,65%,1016.5 Hpa,140º (SE),10.8,0/8,-,-,-,-,-,-,Clear
KHARG,26/01/2022,06Z,18.4,71%,1019.0 Hpa,120º (SE),10.8,0/8,-,-,-,-,-,-,Clear
KHARG,26/01/2022,03Z,11.8,91%,1017.6 Hpa,calm.,,0/8,-,-,-,-,-,11.6,"Clear, mist"
KHOR,26/01/2022,21Z,5.8,27%,1015.7 Hpa,calm.,,0/8,-,-,-,-,-,-,Clear
KHOR,26/01/2022,18Z,7.8,23%,1018.2 Hpa,200º (S ),7.2,0/8,-,-,-,-,-,-,Clear
KHOR,26/01/2022,15Z,10.3,18%,1019.8 Hpa,calm.,,0/8,-,-,-,-,18.6,-,Clear
KHOR,26/01/2022,12Z,17.6,12%,1018.4 Hpa,calm.,,0/8,-,-,-,-,-,-,Clear
KHOR,26/01/2022,09Z,13.5,14%,1020.5 Hpa,320º (NW),7.2,0/8,-,-,-,-,-,-,Clear
KHOR,26/01/2022,06Z,8.0,20%,1023.8 Hpa,310º (NW),7.2,0/8,-,-,-,-,-,-,Clear
KHOR,26/01/2022,03Z,1.5,30%,1023.8 Hpa,calm.,,0/8,-,-,-,-,-,0.4,Clear
KHOR,26/01/2022,00Z,0.7,28%,1022.5 Hpa,calm.,,0/8,-,-,-,-,-,-,Clear
KHORRAM ABAD,26/01/2022,21Z,10.5,48%,1011.3 Hpa,320º (NW),10.8,4/8,4/8 SC,-,-,-,-,-,Scattered clouds
KHORRAM ABAD,26/01/2022,18Z,12.2,32%,1012.2 Hpa,120º (SE),10.8,3/8,3/8 SC,-,-,-,-,-,Scattered clouds
KHORRAM ABAD,26/01/2022,15Z,12.6,26%,1014.3 Hpa,050º (NE),7.2,7/8,5/8 CB,AC,-,-,14.7,-,Cloudy
KHORRAM ABAD,26/01/2022,12Z,13.9,24%,1015.1 Hpa,140º (SE),21.6,7/8,4/8 CB,AC,-,-,-,-,Cloudy
KHORRAM ABAD,26/01/2022,09Z,10.6,49%,1017.4 Hpa,calm.,,5/8,2/8 SC,AC,-,-,-,-,"Cloudy, dust"
KHORRAM ABAD,26/01/2022,06Z,5.2,68%,1021.0 Hpa,130º (SE),3.6,0/8,-,-,-,-,-,-,"Clear, dust"
KHORRAM ABAD,26/01/2022,03Z,-1.6,92%,1021.1 Hpa,calm.,,0/8,-,-,-,-,-,-2.0,"Clear, dust"
KHORRAM ABAD,26/01/2022,00Z,-0.6,86%,1019.4 Hpa,120º (SE),7.2,0/8,-,-,-,-,-,-,"Clear, dust"
KHOY,26/01/2022,21Z,-1.8,70%,1013.6 Hpa,calm.,,0/8,-,-,-,-,-,-,Clear
KHOY,26/01/2022,18Z,0.2,54%,1016.1 Hpa,calm.,,0/8,-,-,-,-,-,-,Clear
KHOY,26/01/2022,15Z,2.6,41%,1016.7 Hpa,260º (W ),7.2,0/8,-,-,-,-,6.8,-,Clear
KHOY,26/01/2022,12Z,6.8,34%,1016.2 Hpa,270º (W ),18.0,0/8,-,-,-,-,-,-,Clear
KHOY,26/01/2022,09Z,4.0,44%,1019.1 Hpa,240º (SW),18.0,0/8,-,-,-,-,-,-,Clear
KHOY,26/01/2022,06Z,-2.0,60%,1022.6 Hpa,calm.,,0/8,-,-,-,-,-,-,Clear
KHOY,26/01/2022,03Z,-5.0,80%,1021.3 Hpa,calm.,,0/8,-,-,-,-,-,-5.4,Clear
KHOY,26/01/2022,00Z,-3.6,69%,1020.0 Hpa,calm.,,0/8,-,-,-,-,-,-,Clear
KISH ISLAND,26/01/2022,21Z,18.4,71%,1016.2 Hpa,calm.,,0/8,-,-,-,-,-,-,"Clear, haze"
KISH ISLAND,26/01/2022,18Z,19.0,69%,1017.2 Hpa,calm.,,0/8,-,-,-,-,-,-,Clear
KISH ISLAND,26/01/2022,15Z,20.6,65%,1016.3 Hpa,calm.,,0/8,-,-,-,-,24.0,-,Clear
KISH ISLAND,26/01/2022,12Z,23.4,57%,1015.5 Hpa,130º (SE),14.4,0/8,-,-,-,-,-,-,Clear
KISH ISLAND,26/01/2022,09Z,23.6,68%,1017.4 Hpa,110º (E ),7.2,0/8,-,-,-,-,-,-,"Clear, haze"
KISH ISLAND,26/01/2022,06Z,21.0,81%,1019.5 Hpa,090º (E ),7.2,0/8,-,-,-,-,-,-,"Clear, mist"
KISH ISLAND,26/01/2022,03Z,16.6,88%,1017.5 Hpa,070º (E ),7.2,0/8,-,-,-,-,-,16.6,"Clear, mist"
KISH ISLAND,26/01/2022,00Z,17.4,84%,1016.8 Hpa,080º (E ),7.2,0/8,-,-,-,-,-,-,"Clear, mist"
MAKKO,26/01/2022,21Z,-3.8,80%,1014.5 Hpa,calm.,,1/8,1/8 SC,-,-,-,-,-,Few clouds
MAKKO,26/01/2022,18Z,-0.8,61%,1016.3 Hpa,calm.,,2/8,2/8 SC,-,-,-,-,-,Few clouds
MAKKO,26/01/2022,15Z,-0.8,65%,1017.6 Hpa,calm.,,1/8,1/8 SC,-,-,-,5.0,-,Few clouds
MAKKO,26/01/2022,12Z,2.4,52%,1016.8 Hpa,110º (E ),10.8,2/8,1/8 SC,-,CI,-,-,-,Few clouds
MAKKO,26/01/2022,09Z,1.8,45%,1018.8 Hpa,calm.,,1/8,-,-,CI,-,-,-,Few clouds
MAKKO,26/01/2022,06Z,-3.0,64%,1021.1 Hpa,calm.,,0/8,-,-,-,-,-,-,Clear
MAKKO,26/01/2022,03Z,-5.8,71%,1021.1 Hpa,calm.,,0/8,-,-,-,-,-,-6.4,Clear
MAKKO,26/01/2022,00Z,-5.2,81%,1020.4 Hpa,calm.,,2/8,2/8 SC,-,-,-,-,-,Few clouds
MARAGHEH,26/01/2022,21Z,1.6,59%,1010.4 Hpa,090º (E ),7.2,8/8,2/8 SC,AC,,-,-,-,"Overcast, snow"
MARAGHEH,26/01/2022,18Z,0.0,87%,1014.5 Hpa,130º (SE),7.2,6/8,2/8 SC,AC,-,-,-,-,"Cloudy, mist"
MARAGHEH,26/01/2022,15Z,3.4,61%,1014.9 Hpa,260º (W ),7.2,7/8,1/8 SC,AC,-,-,9.3,-,"Cloudy, haze"
MARAGHEH,26/01/2022,12Z,7.4,28%,1014.9 Hpa,180º (S ),7.2,2/8,-,-,CI,-,-,-,"Few clouds, haze"
MARAGHEH,26/01/2022,09Z,6.6,29%,1017.2 Hpa,260º (W ),7.2,0/8,-,-,-,-,-,-,"Clear, haze"
MARAGHEH,26/01/2022,06Z,-0.2,55%,1020.8 Hpa,260º (W ),3.6,2/8,-,-,CI,-,-,-,"Few clouds, haze"
MARAGHEH,26/01/2022,03Z,-2.5,51%,1019.6 Hpa,080º (E ),18.0,0/8,-,-,-,-,-,-2.5,Clear
MARAGHEH,26/01/2022,00Z,-1.7,53%,1018.3 Hpa,080º (E ),21.6,2/8,-,-,CI,-,-,-,Few clouds
MARAVEH-TAPPEH,26/01/2022,21Z,13.1,24%,1012.8 Hpa,140º (SE),36.0,0/8,-,-,-,-,-,-,Clear
MARAVEH-TAPPEH,26/01/2022,18Z,10.5,31%,1015.8 Hpa,calm.,,0/8,-,-,-,-,-,-,Clear
MARAVEH-TAPPEH,26/01/2022,15Z,12.3,26%,1017.1 Hpa,150º (SE),18.0,0/8,-,-,-,-,17.3,-,Clear
MARAVEH-TAPPEH,26/01/2022,12Z,17.0,17%,1016.6 Hpa,140º (SE),18.0,0/8,-,-,-,-,-,-,Clear
MARAVEH-TAPPEH,26/01/2022,09Z,15.6,19%,1018.2 Hpa,140º (SE),32.4,1/8,-,-,CI,-,-,-,Few clouds
MARAVEH-TAPPEH,26/01/2022,06Z,12.8,23%,1021.4 Hpa,040º (NE),10.8,5/8,-,-,CI,-,-,-,Cloudy
MARAVEH-TAPPEH,26/01/2022,03Z,6.5,40%,1021.6 Hpa,calm.,,4/8,-,-,CI,-,-,6.3,Scattered clouds
MARAVEH-TAPPEH,26/01/2022,00Z,8.7,32%,1021.2 Hpa,150º (SE),14.4,0/8,-,-,-,-,-,-,Clear
MASHHAD,26/01/2022,21Z,1.6,56%,1018.6 Hpa,calm.,,0/8,-,-,-,-,-,-,Clear
MASHHAD,26/01/2022,18Z,3.4,47%,1020.4 Hpa,220º (SW),7.2,0/8,-,-,-,-,-,-,Clear
MASHHAD,26/01/2022,15Z,7.0,36%,1022.7 Hpa,200º (S ),10.8,0/8,-,-,-,-,13.0,-,Clear
MASHHAD,26/01/2022,12Z,12.0,26%,1020.7 Hpa,110º (E ),14.4,2/8,-,-,CI,-,-,-,Few clouds
MASHHAD,26/01/2022,09Z,11.0,30%,1022.1 Hpa,060º (NE),7.2,3/8,-,-,CI,-,-,-,Scattered clouds
MASHHAD,26/01/2022,06Z,6.4,49%,1025.4 Hpa,calm.,,2/8,-,-,CI,-,-,-,Few clouds
MASHHAD,26/01/2022,03Z,-3.6,72%,1026.1 Hpa,calm.,,2/8,-,-,CI,-,-,-4.1,Few clouds
MASHHAD,26/01/2022,00Z,-1.1,58%,1023.6 Hpa,140º (SE),7.2,0/8,-,-,-,-,-,-,Clear
MASJED-SOLEYMAN,26/01/2022,21Z,15.1,60%,1012.7 Hpa,150º (SE),3.6,6/8,3/8 SC,AC,-,-,-,-,"Cloudy, haze"
MASJED-SOLEYMAN,26/01/2022,18Z,15.3,63%,1013.5 Hpa,320º (NW),3.6,5/8,5/8 SC,-,-,-,-,-,"Cloudy, haze"
MASJED-SOLEYMAN,26/01/2022,15Z,16.7,50%,1012.2 Hpa,140º (SE),3.6,6/8,6/8 CB,-,-,-,20.6,-,"Cloudy, haze"
MASJED-SOLEYMAN,26/01/2022,12Z,20.2,39%,1012.4 Hpa,120º (SE),10.8,7/8,7/8 CB,-,-,-,-,-,"Cloudy, haze"
MASJED-SOLEYMAN,26/01/2022,09Z,18.8,49%,1014.9 Hpa,150º (SE),3.6,6/8,2/8 SC,AC,-,-,-,-,"Cloudy, haze"
MASJED-SOLEYMAN,26/01/2022,06Z,12.0,80%,1017.4 Hpa,calm.,,5/8,-,5/8 AC,-,-,-,-,"Cloudy, mist"
MASJED-SOLEYMAN,26/01/2022,03Z,8.9,87%,1016.7 Hpa,340º (N ),3.6,0/8,-,-,-,-,-,8.5,"Clear, mist"
MASJED-SOLEYMAN,26/01/2022,00Z,9.2,86%,1016.1 Hpa,270º (W ),3.6,0/8,-,-,-,-,-,-,"Clear, mist"
MEYANEH,26/01/2022,21Z,-3.4,87%,1019.0 Hpa,calm.,,7/8,4/8 CB,AC,-,-,-,-,"Cloudy, mist"
MEYANEH,26/01/2022,18Z,-3.8,82%,1023.1 Hpa,calm.,,6/8,3/8 SC,AC,CI,-,-,-,Cloudy
MEYANEH,26/01/2022,15Z,-3.8,74%,1024.3 Hpa,calm.,,5/8,-,-,CI,-,-1.6,-,Cloudy
MEYANEH,26/01/2022,12Z,-2.6,62%,1025.2 Hpa,calm.,,0/8,-,-,-,-,-,-,"Clear, haze"
MEYANEH,26/01/2022,09Z,-4.4,81%,1027.6 Hpa,calm.,,0/8,-,-,-,-,-,-,"Clear, mist"
MEYANEH,26/01/2022,06Z,-11.2,89%,1031.4 Hpa,calm.,,0/8,-,-,-,-,-,-,"Clear, mist"
MEYANEH,26/01/2022,03Z,-13.0,87%,1030.2 Hpa,calm.,,0/8,-,-,-,-,-,-14.4,Clear
MEYANEH,26/01/2022,00Z,-12.2,88%,1031.5 Hpa,calm.,,0/8,-,-,-,-,-,-,Clear
MOHABAD,26/01/2022,21Z,-1.0,81%,1013.7 Hpa,calm.,,8/8,3/8 SC,AC,,-,-,-,"Overcast, snow"
MOHABAD,26/01/2022,18Z,-0.6,72%,1017.0 Hpa,calm.,,4/8,-,-,CI,-,-,-,Scattered clouds
MOHABAD,26/01/2022,15Z,2.8,57%,1017.0 Hpa,210º (SW),14.4,4/8,1/8 CB,-,CI,-,4.4,-,Scattered clouds
MOHABAD,26/01/2022,12Z,3.2,47%,1017.6 Hpa,calm.,,2/8,-,-,CI,-,-,-,Few clouds
MOHABAD,26/01/2022,09Z,1.0,56%,1020.4 Hpa,calm.,,0/8,-,-,-,-,-,-,Clear
MOHABAD,26/01/2022,06Z,-3.8,85%,1023.2 Hpa,calm.,,0/8,-,-,-,-,-,-,Clear
MOHABAD,26/01/2022,03Z,-7.4,91%,1021.8 Hpa,calm.,,0/8,-,-,-,-,-,-7.4,Clear
MOHABAD,26/01/2022,00Z,-5.4,79%,1020.6 Hpa,calm.,,0/8,-,-,-,-,-,-,Clear
NEHBANDAN,26/01/2022,21Z,2.8,54%,1019.2 Hpa,040º (NE),3.6,0/8,-,-,-,-,-,-,Clear
NEHBANDAN,26/01/2022,18Z,4.3,42%,1021.6 Hpa,230º (SW),3.6,0/8,-,-,-,-,-,-,Clear
NEHBANDAN,26/01/2022,15Z,8.4,26%,1022.8 Hpa,120º (SE),7.2,0/8,-,-,-,-,15.2,-,Clear
NEHBANDAN,26/01/2022,12Z,14.4,11%,1020.1 Hpa,140º (SE),10.8,0/8,-,-,-,-,-,-,Clear
NEHBANDAN,26/01/2022,09Z,14.0,13%,1020.5 Hpa,160º (S ),7.2,0/8,-,-,-,-,-,-,Clear
NEHBANDAN,26/01/2022,06Z,7.3,29%,1023.8 Hpa,300º (NW),3.6,0/8,-,-,-,-,-,-,Clear
NEHBANDAN,26/01/2022,03Z,-1.9,76%,1023.2 Hpa,calm.,,0/8,-,-,-,-,-,-1.9,Clear
NEHBANDAN,26/01/2022,00Z,-1.3,79%,1020.6 Hpa,calm.,,0/8,-,-,-,-,-,-,Clear
NOSHAHR,26/01/2022,21Z,10.4,86%,1013.8 Hpa,210º (SW),3.6,7/8,7/8 CB,-,-,-,-,-,Cloudy
NOSHAHR,26/01/2022,18Z,10.8,84%,1014.8 Hpa,270º (W ),3.6,7/8,7/8 CB,-,-,-,-,-,Cloudy
NOSHAHR,26/01/2022,15Z,10.8,87%,1015.7 Hpa,calm.,,6/8,6/8 CB,-,-,-,13.8,-,Cloudy
NOSHAHR,26/01/2022,12Z,11.8,78%,1016.3 Hpa,030º (NE),3.6,5/8,5/8 CB,-,-,-,-,-,Cloudy
NOSHAHR,26/01/2022,09Z,12.8,78%,1017.5 Hpa,330º (NW),14.4,5/8,2/8 SC,-,CI,-,-,-,Cloudy
NOSHAHR,26/01/2022,06Z,10.4,45%,1019.7 Hpa,210º (SW),7.2,4/8,2/8 SC,-,CI,-,-,-,Scattered clouds
NOSHAHR,26/01/2022,03Z,7.0,67%,1020.1 Hpa,230º (SW),3.6,3/8,3/8 SC,-,-,-,-,5.8,Scattered clouds
NOSHAHR,26/01/2022,00Z,7.6,71%,1020.9 Hpa,180º (S ),7.2,2/8,2/8 CB,-,-,-,-,-,Few clouds
OMIDYEH-AGHAJARI,26/01/2022,21Z,19.4,45%,1014.3 Hpa,160º (S ),21.6,6/8,6/8 CB,-,-,-,-,-,Cloudy
OMIDYEH-AGHAJARI,26/01/2022,18Z,18.1,47%,1015.1 Hpa,160º (S ),18.0,5/8,5/8 SC,-,-,-,-,-,Cloudy
OMIDYEH-AGHAJARI,26/01/2022,15Z,19.3,53%,1014.1 Hpa,190º (S ),10.8,2/8,2/8 SC,-,-,-,24.3,-,Few clouds
OMIDYEH-AGHAJARI,26/01/2022,12Z,24.3,36%,1014.3 Hpa,130º (SE),21.6,6/8,6/8 SC,-,-,-,-,-,Cloudy
OMIDYEH-AGHAJARI,26/01/2022,09Z,23.7,37%,1016.7 Hpa,180º (S ),18.0,5/8,5/8 SC,-,-,-,-,-,Cloudy
OMIDYEH-AGHAJARI,26/01/2022,06Z,15.0,66%,1018.9 Hpa,130º (SE),10.8,2/8,-,2/8 AC,-,-,-,-,"Few clouds, haze"
OMIDYEH-AGHAJARI,26/01/2022,03Z,10.0,80%,1018.9 Hpa,calm.,,0/8,-,-,-,-,-,9.7,"Clear, mist"
OMIDYEH-AGHAJARI,26/01/2022,00Z,11.0,77%,1017.7 Hpa,calm.,,0/8,-,-,-,-,-,-,"Clear, haze"
ORUMIEH,26/01/2022,21Z,-4.8,81%,1015.0 Hpa,280º (W ),10.8,5/8,3/8 SC,AC,-,-,-,-,"Cloudy, mist"
ORUMIEH,26/01/2022,18Z,-5.2,92%,1018.3 Hpa,260º (W ),7.2,3/8,3/8 SC,-,-,-,-,-,"Scattered clouds, mist"
ORUMIEH,26/01/2022,15Z,-1.8,82%,1019.5 Hpa,340º (N ),3.6,3/8,3/8 SC,-,-,-,2.9,-,"Scattered clouds, mist"
ORUMIEH,26/01/2022,12Z,1.6,64%,1019.3 Hpa,110º (E ),7.2,1/8,1/8 SC,-,-,-,-,-,"Few clouds, haze"
ORUMIEH,26/01/2022,09Z,2.4,54%,1020.3 Hpa,150º (SE),3.6,0/8,-,-,-,-,-,-,"Clear, haze"
ORUMIEH,26/01/2022,06Z,-4.4,69%,1023.6 Hpa,270º (W ),10.8,0/8,-,-,-,-,-,-,Clear
ORUMIEH,26/01/2022,03Z,-8.8,83%,1024.2 Hpa,270º (W ),10.8,0/8,-,-,-,-,-,-8.8,Clear
ORUMIEH,26/01/2022,00Z,-8.0,81%,1022.4 Hpa,260º (W ),10.8,0/8,-,-,-,-,-,-,Clear
PARS ABAD MOGHAN,26/01/2022,21Z,-1.0,94%,1015.7 Hpa,270º (W ),7.2,8/8,6/8 SC,-,CS,-,-,-,Overcast
PARS ABAD MOGHAN,26/01/2022,18Z,-1.1,90%,1017.3 Hpa,260º (W ),14.4,0/8,-,-,-,-,-,-,Clear
PARS ABAD MOGHAN,26/01/2022,15Z,2.4,85%,1018.2 Hpa,280º (W ),7.2,5/8,5/8 ST,-,-,-,5.3,-,"Cloudy, mist"
PARS ABAD MOGHAN,26/01/2022,12Z,4.5,89%,1019.1 Hpa,010º (N),7.2,8/8,8/8 ST,,,-,-,-,"Overcast, mist"
PARS ABAD MOGHAN,26/01/2022,09Z,3.4,91%,1020.6 Hpa,270º (W ),7.2,8/8,8/8 ST,,,-,-,-,"Overcast, mist"
PARS ABAD MOGHAN,26/01/2022,06Z,4.1,91%,1022.4 Hpa,120º (SE),14.4,8/8,6/8 ST,AC,,-,-,-,Overcast
PARS ABAD MOGHAN,26/01/2022,03Z,3.8,93%,1021.6 Hpa,110º (E ),14.4,7/8,7/8 ST,-,-,-,-,1.8,Cloudy
PARS ABAD MOGHAN,26/01/2022,00Z,3.1,93%,1022.3 Hpa,130º (SE),18.0,0/8,-,-,-,-,-,-,Clear
RAMSAR,26/01/2022,21Z,9.4,83%,1015.2 Hpa,calm.,,8/8,6/8 CB,AC,,-,-,-,"Overcast, mist"
RAMSAR,26/01/2022,18Z,10.2,84%,1015.5 Hpa,290º (W ),3.6,8/8,6/8 CB,AC,,-,-,-,"Overcast, mist"
RAMSAR,26/01/2022,15Z,10.4,84%,1015.8 Hpa,calm.,,8/8,6/8 CB,AC,,-,12.0,-,"Overcast, mist"
RAMSAR,26/01/2022,12Z,10.6,84%,1016.1 Hpa,340º (N ),3.6,7/8,7/8 CB,-,-,-,-,-,Cloudy
RAMSAR,26/01/2022,09Z,11.4,82%,1017.4 Hpa,360º (N ),10.8,5/8,5/8 CU/SC,-,-,-,-,-,Cloudy
RAMSAR,26/01/2022,06Z,11.2,67%,1019.7 Hpa,320º (NW),3.6,6/8,6/8 CU/SC,-,-,-,-,-,Cloudy
RAMSAR,26/01/2022,03Z,7.4,71%,1019.7 Hpa,220º (SW),3.6,3/8,3/8 SC,-,-,-,-,7.2,Scattered clouds
RAMSAR,26/01/2022,00Z,8.2,69%,1021.3 Hpa,250º (W ),3.6,3/8,3/8 SC,-,-,-,-,-,Scattered clouds
RASHT,26/01/2022,21Z,9.0,100%,1014.7 Hpa,calm.,,8/8,5/8 ST,AC,,-,-,-,"Overcast, mist"
RASHT,26/01/2022,18Z,9.8,100%,1015.8 Hpa,270º (W ),10.8,7/8,4/8 SC,AC,-,-,-,-,Cloudy
RASHT,26/01/2022,15Z,10.2,89%,1016.6 Hpa,calm.,,7/8,4/8 CB,AC,-,-,12.2,-,Cloudy
RASHT,26/01/2022,12Z,11.2,80%,1016.8 Hpa,360º (N ),10.8,6/8,4/8 CB,AC,-,-,-,-,Cloudy
RASHT,26/01/2022,09Z,10.8,84%,1018.9 Hpa,280º (W ),7.2,6/8,4/8 CB,AC,-,-,-,-,Cloudy
RASHT,26/01/2022,06Z,8.6,97%,1020.7 Hpa,calm.,,7/8,6/8 ST,AC,-,Tr(6h),-,-,"Cloudy, mist"
RASHT,26/01/2022,03Z,7.6,100%,1021.1 Hpa,220º (SW),7.2,7/8,7/8 ST,-,-,-,-,7.4,"Cloudy, mist"
RASHT,26/01/2022,00Z,8.2,97%,1022.6 Hpa,220º (SW),7.2,8/8,7/8 ST,-,-,0.1(6h),-,-,"Overcast, rain"
SABZEVAR,26/01/2022,21Z,2.6,49%,1018.2 Hpa,050º (NE),7.2,4/8,1/8 SC,-,CI,-,-,-,Scattered clouds
SABZEVAR,26/01/2022,18Z,5.3,40%,1020.2 Hpa,020º (N),7.2,5/8,1/8 SC,-,CI,-,-,-,Cloudy
SABZEVAR,26/01/2022,15Z,9.4,27%,1020.4 Hpa,calm.,,3/8,-,1/8 AC,CI,-,13.6,-,Scattered clouds
SABZEVAR,26/01/2022,12Z,13.1,20%,1019.4 Hpa,calm.,,3/8,-,-,CI,-,-,-,Scattered clouds
SABZEVAR,26/01/2022,09Z,11.8,20%,1021.4 Hpa,calm.,,2/8,-,-,CI,-,-,-,Few clouds
SABZEVAR,26/01/2022,06Z,4.2,33%,1025.5 Hpa,080º (E ),10.8,2/8,-,-,CI,-,-,-,Few clouds
SABZEVAR,26/01/2022,03Z,0.9,37%,1025.0 Hpa,100º (E ),32.4,0/8,-,-,-,-,-,-1.6,Clear
SABZEVAR,26/01/2022,00Z,0.5,42%,1023.0 Hpa,070º (E ),14.4,0/8,-,-,-,-,-,-,Clear
SAFI-ABAD DEZFUL,26/01/2022,21Z,13.9,75%,1013.5 Hpa,110º (E ),14.4,8/8,-,8/8 AC,,-,-,-,Overcast
SAFI-ABAD DEZFUL,26/01/2022,18Z,13.6,83%,1013.9 Hpa,110º (E ),10.8,7/8,-,7/8 AC,-,-,-,-,Cloudy
SAFI-ABAD DEZFUL,26/01/2022,15Z,15.0,85%,1012.7 Hpa,090º (E ),10.8,7/8,-,5/8 AC,CI,-,18.7,-,Cloudy
SAFI-ABAD DEZFUL,26/01/2022,12Z,18.0,71%,1013.5 Hpa,110º (E ),7.2,7/8,3/8 CB,AC,-,-,-,-,Cloudy
SAFI-ABAD DEZFUL,26/01/2022,09Z,17.6,65%,1016.6 Hpa,130º (SE),10.8,7/8,7/8 CB,-,-,-,-,-,Cloudy
SAFI-ABAD DEZFUL,26/01/2022,06Z,11.0,93%,1018.5 Hpa,040º (NE),3.6,6/8,6/8 SC,-,-,-,-,-,Cloudy
SAFI-ABAD DEZFUL,26/01/2022,03Z,7.1,85%,1017.8 Hpa,020º (N),10.8,0/8,-,-,-,-,-,7.1,Clear
SAFI-ABAD DEZFUL,26/01/2022,00Z,8.4,84%,1018.0 Hpa,010º (N),7.2,0/8,-,-,-,-,-,-,Clear
SAGHEZ,26/01/2022,21Z,-1.3,79%,1013.4 Hpa,calm.,,7/8,4/8 SC,-,CI,-,-,-,Cloudy
SAGHEZ,26/01/2022,18Z,0.4,65%,1018.5 Hpa,170º (S ),14.4,7/8,4/8 SC,-,CI,-,-,-,Cloudy
SAGHEZ,26/01/2022,15Z,-4.0,75%,1023.6 Hpa,180º (S ),7.2,6/8,2/8 SC,-,CI,-,3.0,-,Cloudy
SAGHEZ,26/01/2022,12Z,0.1,67%,1022.6 Hpa,160º (S ),7.2,7/8,4/8 SC,-,CI,-,-,-,Cloudy
SAGHEZ,26/01/2022,09Z,1.8,50%,1023.9 Hpa,calm.,,1/8,1/8 CU,-,-,-,-,-,Few clouds
SAGHEZ,26/01/2022,06Z,-10.2,89%,1029.8 Hpa,calm.,,0/8,-,-,-,-,-,-,Clear
SAGHEZ,26/01/2022,03Z,-16.5,85%,1030.7 Hpa,calm.,,0/8,-,-,-,-,-,-17.1,Clear
SAGHEZ,26/01/2022,00Z,-14.6,90%,1026.8 Hpa,calm.,,0/8,-,-,-,-,-,-,Clear
SANANDAJ,26/01/2022,21Z,6.3,52%,1010.8 Hpa,170º (S ),14.4,5/8,1/8 SC,AC,CI,-,-,-,Cloudy
SANANDAJ,26/01/2022,18Z,0.8,82%,1017.1 Hpa,calm.,,5/8,1/8 SC,AC,CI,-,-,-,"Cloudy, mist"
SANANDAJ,26/01/2022,15Z,2.2,74%,1018.1 Hpa,calm.,,8/8,2/8 SC,AC,-,-,5.5,-,"Overcast, haze"
SANANDAJ,26/01/2022,12Z,3.9,53%,1019.0 Hpa,calm.,,7/8,2/8 SC,AC,CI,-,-,-,"Cloudy, haze"
SANANDAJ,26/01/2022,09Z,3.5,50%,1022.0 Hpa,calm.,,2/8,-,2/8 AC,-,-,-,-,"Few clouds, haze"
SANANDAJ,26/01/2022,06Z,-7.5,88%,1027.6 Hpa,calm.,,1/8,-,-,CI,-,-,-,"Few clouds, mist"
SANANDAJ,26/01/2022,03Z,-10.8,90%,1026.6 Hpa,calm.,,0/8,-,-,-,-,-,-11.0,"Clear, mist"
SANANDAJ,26/01/2022,00Z,-9.0,90%,1024.7 Hpa,calm.,,0/8,-,-,-,-,-,-,"Clear, mist"
SARAB,26/01/2022,21Z,-4.2,78%,1016.2 Hpa,calm.,,7/8,4/8 SC,AC,-,-,-,-,Cloudy
SARAB,26/01/2022,18Z,-1.4,75%,1020.6 Hpa,calm.,,7/8,3/8 SC,AC,-,-,-,-,Cloudy
SARAB,26/01/2022,15Z,0.8,53%,1020.7 Hpa,280º (W ),10.8,5/8,2/8 SC,AC,-,-,3.4,-,Cloudy
SARAB,26/01/2022,12Z,3.4,47%,1020.2 Hpa,250º (W ),7.2,1/8,1/8 SC,-,-,-,-,-,Few clouds
SARAB,26/01/2022,09Z,-0.6,66%,1023.8 Hpa,calm.,,1/8,1/8 SC,-,-,-,-,-,Few clouds
SARAB,26/01/2022,06Z,-9.2,80%,1027.4 Hpa,calm.,,1/8,1/8 SC,-,-,-,-,-,Few clouds
SARAB,26/01/2022,03Z,-12.6,84%,1025.9 Hpa,calm.,,1/8,-,-,CI,-,-,-13.2,Few clouds
SARAB,26/01/2022,00Z,-11.6,89%,1024.3 Hpa,020º (N),7.2,2/8,-,-,CI,-,-,-,Few clouds
SARAKHS,26/01/2022,21Z,3.4,64%,1017.9 Hpa,180º (S ),7.2,0/8,-,-,-,-,-,-,Clear
SARAKHS,26/01/2022,18Z,6.1,55%,1020.5 Hpa,calm.,,0/8,-,-,-,-,-,-,Clear
SARAKHS,26/01/2022,15Z,10.6,45%,1021.4 Hpa,calm.,,0/8,-,-,-,-,14.5,-,Clear
SARAKHS,26/01/2022,12Z,14.2,45%,1021.7 Hpa,090º (E ),10.8,3/8,-,-,CI,-,-,-,Scattered clouds
SARAKHS,26/01/2022,09Z,11.9,53%,1023.0 Hpa,120º (SE),18.0,2/8,-,-,CI,-,-,-,Few clouds
SARAKHS,26/01/2022,06Z,5.6,68%,1025.4 Hpa,170º (S ),7.2,2/8,-,-,CI,-,-,-,Few clouds
SARAKHS,26/01/2022,03Z,-0.5,76%,1025.6 Hpa,calm.,,0/8,-,-,-,-,-,-1.2,Clear
SARAKHS,26/01/2022,00Z,-0.8,73%,1024.7 Hpa,calm.,,0/8,-,-,-,-,-,-,Clear
SARAVAN,26/01/2022,21Z,5.9,21%,1021.2 Hpa,calm.,,0/8,-,-,-,-,-,-,Clear
SARAVAN,26/01/2022,18Z,10.0,17%,1021.7 Hpa,050º (NE),10.8,0/8,-,-,-,-,-,-,Clear
SARAVAN,26/01/2022,15Z,12.8,13%,1022.6 Hpa,030º (NE),10.8,0/8,-,-,-,-,17.7,-,Clear
SARAVAN,26/01/2022,12Z,17.3,11%,1019.9 Hpa,030º (NE),21.6,0/8,-,-,-,-,-,-,Clear
SARAVAN,26/01/2022,09Z,16.8,10%,1021.0 Hpa,010º (N),14.4,0/8,-,-,-,-,-,-,Clear
SARAVAN,26/01/2022,06Z,12.8,21%,1022.7 Hpa,calm.,,0/8,-,-,-,-,-,-,Clear
SARAVAN,26/01/2022,03Z,1.7,37%,1023.8 Hpa,340º (N ),7.2,0/8,-,-,-,-,-,1.3,Clear
SARAVAN,26/01/2022,00Z,4.1,30%,1021.0 Hpa,340º (N ),10.8,0/8,-,-,-,-,-,-,Clear
SEMNAN,26/01/2022,21Z,5.8,29%,1016.4 Hpa,340º (N ),3.6,3/8,-,-,CI,-,-,-,Scattered clouds
SEMNAN,26/01/2022,18Z,4.8,30%,1018.6 Hpa,040º (NE),3.6,0/8,-,-,-,-,-,-,Clear
SEMNAN,26/01/2022,15Z,8.0,26%,1020.6 Hpa,250º (W ),3.6,0/8,-,-,-,-,11.8,-,Clear
SEMNAN,26/01/2022,12Z,11.0,18%,1019.2 Hpa,210º (SW),7.2,0/8,-,-,-,-,-,-,Clear
SEMNAN,26/01/2022,09Z,10.8,17%,1021.4 Hpa,190º (S ),7.2,1/8,-,-,CI,-,-,-,Few clouds
SEMNAN,26/01/2022,06Z,7.0,22%,1023.7 Hpa,340º (N ),3.6,2/8,-,2/8 AC,-,-,-,-,Few clouds
SEMNAN,26/01/2022,03Z,-1.6,48%,1024.0 Hpa,calm.,,1/8,-,-,CI,-,-,-2.4,Few clouds
SEMNAN,26/01/2022,00Z,2.0,36%,1022.3 Hpa,340º (N ),3.6,0/8,-,-,-,-,-,-,Clear
SHAHRE-KORD,26/01/2022,21Z,6.8,63%,1009.8 Hpa,220º (SW),18.0,7/8,4/8 CB,AC,-,-,-,-,"Cloudy, rain showers"
SHAHRE-KORD,26/01/2022,18Z,8.3,45%,1013.3 Hpa,220º (SW),21.6,5/8,4/8 CB,AC,-,-,-,-,Cloudy
SHAHRE-KORD,26/01/2022,15Z,6.8,47%,1019.1 Hpa,220º (SW),14.4,4/8,4/8 CB,AC,-,-,11.7,-,Scattered clouds
SHAHRE-KORD,26/01/2022,12Z,9.8,39%,1017.5 Hpa,230º (SW),25.2,3/8,3/8 CB,-,-,-,-,-,Scattered clouds
SHAHRE-KORD,26/01/2022,09Z,11.6,27%,1018.2 Hpa,220º (SW),21.6,2/8,2/8 SC,-,-,-,-,-,Few clouds
SHAHRE-KORD,26/01/2022,06Z,4.7,40%,1023.0 Hpa,040º (NE),3.6,1/8,-,1/8 AC,-,-,-,-,Few clouds
SHAHRE-KORD,26/01/2022,03Z,-4.1,64%,1023.3 Hpa,320º (NW),14.4,0/8,-,-,-,-,-,-7.4,Clear
SHAHRE-KORD,26/01/2022,00Z,-4.2,74%,1019.7 Hpa,330º (NW),7.2,0/8,-,-,-,-,-,-,Clear
SHAHRUD,26/01/2022,21Z,2.4,45%,1018.6 Hpa,060º (NE),3.6,4/8,-,-,CI,-,-,-,Scattered clouds
SHAHRUD,26/01/2022,18Z,0.4,51%,1020.8 Hpa,340º (N ),7.2,0/8,-,-,-,-,-,-,Clear
SHAHRUD,26/01/2022,15Z,3.4,39%,1021.6 Hpa,030º (NE),10.8,0/8,-,-,-,-,9.4,-,Clear
SHAHRUD,26/01/2022,12Z,9.2,21%,1020.3 Hpa,190º (S ),7.2,2/8,-,-,CI,-,-,-,Few clouds
SHAHRUD,26/01/2022,09Z,5.8,32%,1023.6 Hpa,210º (SW),7.2,4/8,1/8 SC,-,CI,-,-,-,Scattered clouds
SHAHRUD,26/01/2022,06Z,3.4,39%,1025.6 Hpa,calm.,,6/8,2/8 SC,-,CI,-,-,-,Cloudy
SHAHRUD,26/01/2022,03Z,-3.0,48%,1025.5 Hpa,calm.,,5/8,-,-,CI,-,-,-3.0,Cloudy
SHAHRUD,26/01/2022,00Z,-2.2,47%,1023.1 Hpa,calm.,,0/8,-,-,-,-,-,-,Clear
SHIRAZ,26/01/2022,21Z,9.0,52%,1016.0 Hpa,calm.,,1/8,1/8 SC,-,-,-,-,-,"Few clouds, haze"
SHIRAZ,26/01/2022,18Z,10.6,46%,1018.2 Hpa,calm.,,1/8,1/8 SC,-,-,-,-,-,"Few clouds, haze"
SHIRAZ,26/01/2022,15Z,14.0,36%,1018.0 Hpa,300º (NW),7.2,2/8,2/8 SC,-,-,-,17.8,-,"Few clouds, haze"
SHIRAZ,26/01/2022,12Z,17.0,22%,1015.3 Hpa,calm.,,2/8,2/8 CU,-,-,-,-,-,"Few clouds, haze"
SHIRAZ,26/01/2022,09Z,14.0,38%,1017.6 Hpa,130º (SE),10.8,1/8,1/8 SC,-,-,-,-,-,"Few clouds, haze"
SHIRAZ,26/01/2022,06Z,7.4,58%,1022.2 Hpa,090º (E ),7.2,0/8,-,-,-,-,-,-,"Clear, haze"
SHIRAZ,26/01/2022,03Z,1.2,79%,1021.8 Hpa,calm.,,0/8,-,-,-,-,-,0.4,Clear
SHIRAZ,26/01/2022,00Z,6.2,54%,1017.4 Hpa,330º (NW),7.2,2/8,-,-,CI,-,-,-,Few clouds
SIRI ISLAND,26/01/2022,15Z,21.2,71%,1016.2 Hpa,040º (NE),10.8,0/8,-,-,-,-,23.6,-,"Clear, haze"
SIRI ISLAND,26/01/2022,12Z,22.6,155%,1015.7 Hpa,060º (NE),14.4,0/8,-,-,-,-,-,-,"Clear, haze"
SIRI ISLAND,26/01/2022,09Z,21.2,69%,1017.6 Hpa,040º (NE),10.8,0/8,-,-,-,-,-,-,"Clear, haze"
SIRI ISLAND,26/01/2022,06Z,19.4,188%,1019.5 Hpa,040º (NE),10.8,0/8,-,-,-,-,-,-,"Clear, haze"
SIRI ISLAND,26/01/2022,03Z,17.6,89%,1017.4 Hpa,calm.,,0/8,-,-,-,-,-,17.4,"Clear, mist"
SIRJAN,26/01/2022,21Z,8.0,44%,1015.8 Hpa,130º (SE),14.4,0/8,-,-,-,-,-,-,Clear
SIRJAN,26/01/2022,18Z,9.4,37%,1016.6 Hpa,100º (E ),18.0,0/8,-,-,-,-,-,-,Clear
SIRJAN,26/01/2022,15Z,13.5,27%,1018.7 Hpa,130º (SE),7.2,0/8,-,-,-,-,17.0,-,Clear
SIRJAN,26/01/2022,12Z,16.9,22%,1016.4 Hpa,130º (SE),10.8,0/8,-,-,-,-,-,-,Clear
SIRJAN,26/01/2022,09Z,14.0,33%,1018.2 Hpa,calm.,,0/8,-,-,-,-,-,-,Clear
SIRJAN,26/01/2022,06Z,9.5,46%,1020.9 Hpa,130º (SE),18.0,0/8,-,-,-,-,-,-,Clear
SIRJAN,26/01/2022,03Z,-2.1,78%,1021.6 Hpa,calm.,,0/8,-,-,-,-,-,-2.1,Clear
SIRJAN,26/01/2022,00Z,-0.5,72%,1019.2 Hpa,calm.,,0/8,-,-,-,-,-,-,Clear
TABAS,26/01/2022,21Z,7.3,31%,1017.0 Hpa,calm.,,0/8,-,-,-,-,-,-,Clear
TABAS,26/01/2022,18Z,9.0,30%,1018.6 Hpa,calm.,,0/8,-,-,-,-,-,-,Clear
TABAS,26/01/2022,15Z,11.4,29%,1019.0 Hpa,calm.,,0/8,-,-,-,-,17.0,-,Clear
TABAS,26/01/2022,12Z,15.6,16%,1019.1 Hpa,320º (NW),7.2,0/8,-,-,-,-,-,-,Clear
TABAS,26/01/2022,09Z,13.4,19%,1020.5 Hpa,300º (NW),3.6,0/8,-,-,-,-,-,-,Clear
TABAS,26/01/2022,06Z,11.9,23%,1022.9 Hpa,230º (SW),3.6,0/8,-,-,-,-,-,-,Clear
TABAS,26/01/2022,03Z,3.8,39%,1022.6 Hpa,calm.,,0/8,-,-,-,-,-,3.5,Clear
TABAS,26/01/2022,00Z,4.5,36%,1021.3 Hpa,calm.,,0/8,-,-,-,-,-,-,Clear
TABRIZ,26/01/2022,21Z,-0.2,71%,1014.6 Hpa,040º (NE),7.2,7/8,3/8 CB,AC,-,-,-,-,Cloudy
TABRIZ,26/01/2022,18Z,-0.6,73%,1018.1 Hpa,030º (NE),14.4,6/8,3/8 SC,AC,-,-,-,-,Cloudy
TABRIZ,26/01/2022,15Z,-2.8,76%,1020.3 Hpa,060º (NE),10.8,3/8,3/8 SC,-,-,-,2.5,-,Scattered clouds
TABRIZ,26/01/2022,12Z,2.2,53%,1020.2 Hpa,300º (NW),7.2,0/8,-,-,-,-,-,-,Clear
TABRIZ,26/01/2022,09Z,1.2,54%,1021.3 Hpa,270º (W ),7.2,1/8,1/8 CU,-,-,-,-,-,Few clouds
TABRIZ,26/01/2022,06Z,-4.4,69%,1025.1 Hpa,070º (E ),10.8,0/8,-,-,-,-,-,-,Clear
TABRIZ,26/01/2022,03Z,-6.8,76%,1025.1 Hpa,060º (NE),7.2,0/8,-,-,-,-,-,-10.0,Clear
TABRIZ,26/01/2022,00Z,-7.4,80%,1023.6 Hpa,050º (NE),7.2,0/8,-,-,-,-,-,-,Clear
TEHRAN-MEHRABAD,26/01/2022,21Z,7.7,21%,1014.2 Hpa,130º (SE),10.8,7/8,3/8 SC,AC,-,-,-,-,"Cloudy, haze"
TEHRAN-MEHRABAD,26/01/2022,18Z,7.7,24%,1016.4 Hpa,130º (SE),10.8,7/8,3/8 SC,AC,-,-,-,-,"Cloudy, haze"
TEHRAN-MEHRABAD,26/01/2022,15Z,8.4,23%,1017.5 Hpa,160º (S ),10.8,6/8,3/8 SC,AC,-,-,10.1,-,"Cloudy, haze"
TEHRAN-MEHRABAD,26/01/2022,12Z,9.6,24%,1017.7 Hpa,160º (S ),14.4,7/8,2/8 SC,AC,-,-,-,-,"Cloudy, haze"
TEHRAN-MEHRABAD,26/01/2022,09Z,9.0,23%,1020.2 Hpa,160º (S ),10.8,1/8,-,1/8 AC,-,-,-,-,"Few clouds, haze"
TEHRAN-MEHRABAD,26/01/2022,06Z,5.6,29%,1022.6 Hpa,180º (S ),10.8,2/8,-,-,CI,-,-,-,"Few clouds, haze"
TEHRAN-MEHRABAD,26/01/2022,03Z,1.2,47%,1022.1 Hpa,calm.,,0/8,-,-,-,-,-,1.0,"Clear, haze"
TEHRAN-MEHRABAD,26/01/2022,00Z,2.1,42%,1020.3 Hpa,calm.,,0/8,-,-,-,-,-,-,"Clear, haze"
TORBAT-HEYDARIEH,26/01/2022,21Z,-2.0,59%,1020.1 Hpa,280º (W ),7.2,0/8,-,-,-,-,-,-,Clear
TORBAT-HEYDARIEH,26/01/2022,18Z,-0.9,57%,1020.8 Hpa,290º (W ),7.2,0/8,-,-,-,-,-,-,Clear
TORBAT-HEYDARIEH,26/01/2022,15Z,3.0,41%,1023.9 Hpa,calm.,,1/8,1/8 SC,-,-,-,9.9,-,Few clouds
TORBAT-HEYDARIEH,26/01/2022,12Z,9.4,16%,1021.7 Hpa,150º (SE),7.2,1/8,-,-,CI,-,-,-,Few clouds
TORBAT-HEYDARIEH,26/01/2022,09Z,8.5,23%,1022.5 Hpa,130º (SE),7.2,0/8,-,-,-,-,-,-,Clear
TORBAT-HEYDARIEH,26/01/2022,06Z,6.8,30%,1024.3 Hpa,calm.,,0/8,-,-,-,-,-,-,Clear
TORBAT-HEYDARIEH,26/01/2022,03Z,-5.0,57%,1026.0 Hpa,calm.,,1/8,-,-,CI,-,-,-6.1,Few clouds
TORBAT-HEYDARIEH,26/01/2022,00Z,-3.9,58%,1022.0 Hpa,300º (NW),7.2,0/8,-,-,-,-,-,-,Clear
YASOGE,26/01/2022,21Z,8.4,52%,1014.6 Hpa,calm.,,8/8,3/8 SC,AC,,-,-,-,Overcast
YASOGE,26/01/2022,18Z,8.0,51%,1019.3 Hpa,080º (E ),7.2,4/8,-,4/8 AC,-,-,-,-,Scattered clouds
YASOGE,26/01/2022,15Z,9.8,42%,1020.7 Hpa,calm.,,5/8,3/8 SC,AC,-,-,14.4,-,Cloudy
YASOGE,26/01/2022,12Z,14.4,31%,1018.1 Hpa,230º (SW),14.4,6/8,3/8 SC,AC,-,-,-,-,Cloudy
YASOGE,26/01/2022,09Z,14.2,19%,1018.3 Hpa,170º (S ),7.2,5/8,2/8 SC,AC,-,-,-,-,Cloudy
YASOGE,26/01/2022,06Z,5.2,53%,1022.5 Hpa,170º (S ),7.2,0/8,-,-,-,-,-,-,Clear
YASOGE,26/01/2022,03Z,-0.2,64%,1021.4 Hpa,calm.,,0/8,-,-,-,-,-,-0.4,Clear
YASOGE,26/01/2022,00Z,1.6,56%,1019.1 Hpa,calm.,,0/8,-,-,-,-,-,-,Clear
YAZD,26/01/2022,21Z,10.3,27%,1013.0 Hpa,130º (SE),10.8,0/8,-,-,-,-,-,-,"Clear, haze"
YAZD,26/01/2022,18Z,12.0,22%,1016.1 Hpa,140º (SE),10.8,0/8,-,-,-,-,-,-,Clear
YAZD,26/01/2022,15Z,14.6,20%,1016.8 Hpa,100º (E ),7.2,1/8,-,-,CI,-,18.4,-,"Few clouds, haze"
YAZD,26/01/2022,12Z,17.8,17%,1016.5 Hpa,110º (E ),7.2,0/8,-,-,-,-,-,-,"Clear, haze"
YAZD,26/01/2022,09Z,15.2,20%,1018.2 Hpa,280º (W ),3.6,0/8,-,-,-,-,-,-,"Clear, haze"
YAZD,26/01/2022,06Z,8.8,29%,1021.4 Hpa,320º (NW),3.6,0/8,-,-,-,-,-,-,"Clear, haze"
YAZD,26/01/2022,03Z,3.5,37%,1020.2 Hpa,110º (E ),7.2,0/8,-,-,-,-,-,1.2,Clear
YAZD,26/01/2022,00Z,2.5,38%,1019.1 Hpa,calm.,,0/8,-,-,-,-,-,-,Clear
ZABOL,26/01/2022,21Z,2.1,60%,1023.2 Hpa,calm.,,0/8,-,-,-,-,-,-,Clear
ZABOL,26/01/2022,18Z,5.8,48%,1024.2 Hpa,calm.,,0/8,-,-,-,-,-,-,Clear
ZABOL,26/01/2022,15Z,9.1,39%,1024.4 Hpa,010º (N),7.2,0/8,-,-,-,-,18.6,-,Clear
ZABOL,26/01/2022,12Z,17.3,21%,1021.7 Hpa,360º (N ),7.2,0/8,-,-,-,-,-,-,Clear
ZABOL,26/01/2022,09Z,15.1,26%,1023.4 Hpa,360º (N ),10.8,0/8,-,-,-,-,-,-,Clear
ZABOL,26/01/2022,06Z,9.3,42%,1026.6 Hpa,340º (N ),10.8,0/8,-,-,-,-,-,-,Clear
ZABOL,26/01/2022,03Z,-2.4,82%,1026.6 Hpa,calm.,,0/8,-,-,-,-,-,-2.4,Clear
ZABOL,26/01/2022,00Z,1.0,68%,1024.0 Hpa,270º (W ),10.8,0/8,-,-,-,-,-,-,Clear
ZAHEDAN,26/01/2022,21Z,0.7,49%,1020.5 Hpa,210º (SW),7.2,0/8,-,-,-,-,-,-,Clear
ZAHEDAN,26/01/2022,18Z,3.5,35%,1022.1 Hpa,190º (S ),7.2,0/8,-,-,-,-,-,-,Clear
ZAHEDAN,26/01/2022,15Z,8.9,27%,1024.0 Hpa,010º (N),7.2,0/8,-,-,-,-,17.5,-,Clear
ZAHEDAN,26/01/2022,12Z,16.3,16%,1019.3 Hpa,040º (NE),10.8,0/8,-,-,-,-,-,-,Clear
ZAHEDAN,26/01/2022,09Z,16.0,13%,1020.7 Hpa,100º (E ),10.8,0/8,-,-,-,-,-,-,Clear
ZAHEDAN,26/01/2022,06Z,9.9,26%,1023.7 Hpa,100º (E ),7.2,0/8,-,-,-,-,-,-,Clear
ZAHEDAN,26/01/2022,03Z,-4.0,53%,1025.2 Hpa,190º (S ),7.2,0/8,-,-,-,-,-,-4.4,Clear
ZAHEDAN,26/01/2022,00Z,-2.7,45%,1022.0 Hpa,160º (S ),7.2,0/8,-,-,-,-,-,-,Clear
ZANJAN,26/01/2022,21Z,1.3,84%,1012.4 Hpa,100º (E ),7.2,7/8,4/8 ST,AC,CI,-,-,-,"Cloudy, mist"
ZANJAN,26/01/2022,18Z,2.0,82%,1015.4 Hpa,100º (E ),7.2,7/8,3/8 ST,AC,-,-,-,-,Cloudy
ZANJAN,26/01/2022,15Z,1.9,74%,1016.9 Hpa,090º (E ),7.2,7/8,2/8 SC,AC,CI,-,5.6,-,Cloudy
ZANJAN,26/01/2022,12Z,4.0,62%,1018.4 Hpa,090º (E ),7.2,7/8,-,6/8 AC,CI,-,-,-,Cloudy
ZANJAN,26/01/2022,09Z,4.3,58%,1020.0 Hpa,080º (E ),10.8,2/8,-,-,CI,-,-,-,Few clouds
ZANJAN,26/01/2022,06Z,-2.2,70%,1024.2 Hpa,100º (E ),7.2,4/8,-,-,CI,-,-,-,Scattered clouds
ZANJAN,26/01/2022,03Z,-4.7,78%,1023.4 Hpa,100º (E ),7.2,0/8,-,-,-,-,-,-8.0,Clear
ZANJAN,26/01/2022,00Z,-6.8,85%,1021.2 Hpa,100º (E ),7.2,0/8,-,-,-,-,-,-,Clear
