Station ∆,Date,UTC time,Temp. (ºC),Rel. Hum. (%),Pressure/ Geopot.,Wind dir,Wins speed (Km/h),Clouds,Low clouds,Medium clouds,High clouds,Prec. (mm),Max temp. (ºC),Min temp. (ºC),Conditions
ABADAN,05/07/2023,21Z,34.5,25%,994.8 Hpa,300º (NW),14.4,0/8,-,-,-,-,-,-,Clear
ABADAN,05/07/2023,18Z,38.4,14%,994.3 Hpa,300º (NW),10.8,0/8,-,-,-,-,-,-,Clear
ABADAN,05/07/2023,15Z,45.2,11%,993.5 Hpa,280º (W ),14.4,0/8,-,-,-,-,48.4,29.0,Clear
ABADAN,05/07/2023,12Z,48.3,8%,995.0 Hpa,280º (W ),21.6,0/8,-,-,-,-,-,-,Clear
ABADAN,05/07/2023,09Z,45.7,10%,996.3 Hpa,300º (NW),28.8,0/8,-,-,-,-,-,-,Clear
ABADAN,05/07/2023,06Z,39.2,13%,997.3 Hpa,300º (NW),18.0,0/8,-,-,-,-,-,-,Clear
ABADAN,05/07/2023,03Z,29.0,28%,997.1 Hpa,280º (W ),7.2,0/8,-,-,-,-,41.3,28.2,Clear
ABADAN,05/07/2023,00Z,31.8,25%,996.8 Hpa,300º (NW),14.4,0/8,-,-,-,-,-,-,Clear
ABADEH,05/07/2023,21Z,25.4,17%,992.2 Hpa,300º (NW),10.8,0/8,-,-,-,-,-,-,Clear
ABADEH,05/07/2023,18Z,29.1,14%,991.2 Hpa,320º (NW),10.8,0/8,-,-,-,-,-,-,Clear
ABADEH,05/07/2023,15Z,34.5,10%,990.1 Hpa,080º (E ),14.4,0/8,-,-,-,-,37.2,20.8,Clear
ABADEH,05/07/2023,12Z,35.8,10%,990.0 Hpa,360º (N ),7.2,0/8,-,-,-,-,-,-,Clear
ABADEH,05/07/2023,09Z,34.8,11%,991.2 Hpa,080º (E ),7.2,0/8,-,-,-,-,-,-,Clear
ABADEH,05/07/2023,06Z,30.0,15%,993.4 Hpa,060º (NE),3.6,0/8,-,-,-,-,-,-,Clear
ABADEH,05/07/2023,03Z,20.3,25%,996.2 Hpa,340º (N ),7.2,0/8,-,-,-,-,35.2,18.2,Clear
ABADEH,05/07/2023,00Z,21.6,23%,994.0 Hpa,310º (NW),10.8,0/8,-,-,-,-,-,-,Clear
ABU MUSA,05/07/2023,15Z,33.4,76%,992.8 Hpa,260º (W ),14.4,0/8,-,-,-,-,36.8,32.4,"Clear, haze"
ABU MUSA,05/07/2023,12Z,36.2,71%,993.8 Hpa,260º (W ),10.8,0/8,-,-,-,-,-,-,"Clear, haze"
ABU MUSA,05/07/2023,09Z,35.0,72%,994.8 Hpa,300º (NW),7.2,1/8,1/8 CU,-,-,-,-,-,"Few clouds, haze"
ABU MUSA,05/07/2023,06Z,34.0,80%,995.4 Hpa,240º (SW),14.4,3/8,3/8 CU,AC,-,-,-,-,"Scattered clouds, haze"
ABU MUSA,05/07/2023,03Z,32.2,81%,995.1 Hpa,200º (S ),10.8,4/8,2/8 CU,AC,-,-,32.2,31.2,"Scattered clouds, mist"
AHAR,05/07/2023,21Z,17.8,41%,1010.9 Hpa,350º (N ),3.6,0/8,-,-,-,-,-,-,Clear
AHAR,05/07/2023,18Z,21.7,32%,1010.2 Hpa,070º (E ),10.8,0/8,-,-,-,-,-,-,Clear
AHAR,05/07/2023,15Z,24.8,26%,1009.0 Hpa,030º (NE),18.0,6/8,4/8 CB,-,CI,-,27.5,19.4,Cloudy
AHAR,05/07/2023,12Z,26.6,24%,1008.6 Hpa,070º (E ),21.6,5/8,4/8 CB,-,CI,-,-,-,Cloudy
AHAR,05/07/2023,09Z,25.0,26%,1009.2 Hpa,110º (E ),21.6,1/8,1/8 CU,-,-,-,-,-,Few clouds
AHAR,05/07/2023,06Z,23.9,25%,1009.4 Hpa,090º (E ),18.0,1/8,1/8 SC,-,-,-,-,-,Few clouds
AHAR,05/07/2023,03Z,19.2,32%,1010.1 Hpa,340º (N ),3.6,0/8,-,-,-,-,27.3,17.2,Clear
AHAR,05/07/2023,00Z,18.8,33%,1009.5 Hpa,210º (SW),3.6,0/8,-,-,-,-,-,-,Clear
AHWAZ,05/07/2023,21Z,38.6,14%,992.9 Hpa,290º (W ),14.4,0/8,-,-,-,-,-,-,Clear
AHWAZ,05/07/2023,18Z,35.2,30%,993.0 Hpa,calm.,,0/8,-,-,-,-,-,-,Clear
AHWAZ,05/07/2023,15Z,46.6,14%,992.0 Hpa,calm.,,0/8,-,-,-,-,50.0,33.0,Clear
AHWAZ,05/07/2023,12Z,48.7,9%,992.9 Hpa,240º (SW),10.8,0/8,-,-,-,-,-,-,Clear
AHWAZ,05/07/2023,09Z,45.6,13%,994.4 Hpa,260º (W ),7.2,0/8,-,-,-,-,-,-,"Clear, haze"
AHWAZ,05/07/2023,06Z,38.1,19%,995.6 Hpa,240º (SW),3.6,0/8,-,-,-,-,-,-,Clear
AHWAZ,05/07/2023,03Z,32.2,23%,995.3 Hpa,290º (W ),7.2,0/8,-,-,-,-,46.2,31.0,Clear
AHWAZ,05/07/2023,00Z,32.3,22%,995.0 Hpa,310º (NW),7.2,0/8,-,-,-,-,-,-,Clear
ALI-GOODARZ,05/07/2023,21Z,22.8,24%,994.6 Hpa,060º (NE),7.2,0/8,-,-,-,-,-,-,Clear
ALI-GOODARZ,05/07/2023,18Z,27.8,18%,994.4 Hpa,060º (NE),39.6,0/8,-,-,-,-,-,-,Clear
ALI-GOODARZ,05/07/2023,15Z,34.4,10%,993.4 Hpa,260º (W ),18.0,0/8,-,-,-,-,36.2,21.0,Clear
ALI-GOODARZ,05/07/2023,12Z,35.8,10%,993.3 Hpa,160º (S ),7.2,0/8,-,-,-,-,-,-,Clear
ALI-GOODARZ,05/07/2023,09Z,33.2,14%,994.3 Hpa,100º (E ),14.4,0/8,-,-,-,-,-,-,Clear
ALI-GOODARZ,05/07/2023,06Z,28.8,20%,995.1 Hpa,090º (E ),32.4,0/8,-,-,-,-,-,-,Clear
ALI-GOODARZ,05/07/2023,03Z,20.5,31%,997.1 Hpa,180º (S ),14.4,0/8,-,-,-,-,33.8,20.5,Clear
ALI-GOODARZ,05/07/2023,00Z,19.3,32%,996.4 Hpa,130º (SE),18.0,0/8,-,-,-,-,-,-,Clear
ANZALI,05/07/2023,21Z,25.8,77%,1012.9 Hpa,290º (W ),7.2,3/8,1/8 SC,-,CI,-,-,-,Scattered clouds
ANZALI,05/07/2023,18Z,26.8,73%,1013.5 Hpa,290º (W ),7.2,1/8,1/8 SC,-,-,Tr(24h),-,-,Few clouds
ANZALI,05/07/2023,15Z,29.1,66%,1012.3 Hpa,020º (N),7.2,3/8,1/8 CU,AC,-,-,31.9,25.6,Scattered clouds
ANZALI,05/07/2023,12Z,29.5,102%,1012.2 Hpa,330º (NW),10.8,3/8,1/8 CU,AC,-,Tr(24h),-,-,Scattered clouds
ANZALI,05/07/2023,09Z,30.6,67%,1012.5 Hpa,030º (NE),7.2,3/8,1/8 CU,AC,-,Tr(24h),-,-,Scattered clouds
ANZALI,05/07/2023,06Z,28.8,107%,1012.8 Hpa,350º (N ),7.2,4/8,1/8 CU,AC,-,-,-,-,Scattered clouds
ANZALI,05/07/2023,03Z,25.6,73%,1013.1 Hpa,270º (W ),3.6,6/8,5/8 CB,AC,-,Tr(24h),28.4,24.2,Cloudy
ANZALI,05/07/2023,00Z,24.9,86%,1011.8 Hpa,calm.,,5/8,2/8 SC,AC,-,-,-,-,Cloudy
ARAK,05/07/2023,21Z,25.1,20%,996.2 Hpa,130º (SE),7.2,0/8,-,-,-,-,-,-,"Clear, dust"
ARAK,05/07/2023,18Z,27.3,20%,995.9 Hpa,090º (E ),3.6,0/8,-,-,-,-,-,-,"Clear, dust"
ARAK,05/07/2023,15Z,31.9,17%,994.2 Hpa,080º (E ),21.6,0/8,-,-,-,-,35.7,23.4,"Clear, dust"
ARAK,05/07/2023,12Z,34.9,15%,993.9 Hpa,070º (E ),18.0,0/8,-,-,-,-,-,-,"Clear, dust"
ARAK,05/07/2023,09Z,34.0,17%,994.7 Hpa,070º (E ),21.6,0/8,-,-,-,-,-,-,"Clear, dust"
ARAK,05/07/2023,06Z,30.3,19%,997.2 Hpa,070º (E ),10.8,0/8,-,-,-,-,-,-,"Clear, dust"
ARAK,05/07/2023,03Z,23.4,26%,998.0 Hpa,320º (NW),7.2,0/8,-,-,-,-,32.4,21.5,"Clear, dust"
ARAK,05/07/2023,00Z,24.6,28%,995.8 Hpa,300º (NW),7.2,0/8,-,-,-,-,-,-,"Clear, dust"
ARDEBIL,05/07/2023,21Z,14.8,72%,1009.2 Hpa,300º (NW),7.2,0/8,-,-,-,-,-,-,Clear
ARDEBIL,05/07/2023,18Z,16.2,74%,1010.1 Hpa,310º (NW),7.2,0/8,-,-,-,-,-,-,Clear
ARDEBIL,05/07/2023,15Z,21.2,49%,1007.5 Hpa,040º (NE),32.4,1/8,-,1/8 AC,-,-,26.4,17.0,Few clouds
ARDEBIL,05/07/2023,12Z,24.2,48%,1006.3 Hpa,040º (NE),39.6,3/8,1/8 SC,AC,-,-,-,-,Scattered clouds
ARDEBIL,05/07/2023,09Z,26.2,42%,1006.8 Hpa,040º (NE),43.2,3/8,1/8 SC,AC,CI,-,-,-,Scattered clouds
ARDEBIL,05/07/2023,06Z,21.2,46%,1009.4 Hpa,030º (NE),14.4,3/8,2/8 CB,AC,-,-,-,-,Scattered clouds
ARDEBIL,05/07/2023,03Z,17.0,65%,1009.7 Hpa,calm.,,5/8,5/8 CB,-,-,-,21.6,15.6,Cloudy
ARDEBIL,05/07/2023,00Z,16.8,70%,1008.6 Hpa,calm.,,0/8,-,-,-,-,-,-,Clear
BABULSAR,05/07/2023,21Z,25.2,86%,1012.2 Hpa,230º (SW),3.6,4/8,4/8 ST,-,-,-,-,-,Scattered clouds
BABULSAR,05/07/2023,18Z,26.2,83%,1012.3 Hpa,calm.,,5/8,-,5/8 AC,-,-,-,-,Cloudy
BABULSAR,05/07/2023,15Z,28.4,74%,1011.7 Hpa,290º (W ),7.2,7/8,1/8 CU,AC,-,-,31.6,25.0,Cloudy
BABULSAR,05/07/2023,12Z,30.8,66%,1011.6 Hpa,290º (W ),14.4,4/8,-,4/8 AC,-,-,-,-,Scattered clouds
BABULSAR,05/07/2023,09Z,31.1,66%,1012.2 Hpa,320º (NW),7.2,2/8,2/8 ST,-,-,-,-,-,Few clouds
BABULSAR,05/07/2023,06Z,30.0,69%,1012.2 Hpa,330º (NW),10.8,4/8,-,-,CC,-,-,-,Scattered clouds
BABULSAR,05/07/2023,03Z,25.0,87%,1012.2 Hpa,calm.,,5/8,3/8 SC,AC,-,-,27.9,24.0,Cloudy
BABULSAR,05/07/2023,00Z,24.0,87%,1011.5 Hpa,calm.,,3/8,-,3/8 AC,-,Tr(24h),-,-,Scattered clouds
BAFT,05/07/2023,21Z,25.6,20%,991.3 Hpa,calm.,,0/8,-,-,-,-,-,-,Clear
BAFT,05/07/2023,18Z,27.4,17%,991.6 Hpa,320º (NW),21.6,1/8,1/8 SC,-,-,-,-,-,Few clouds
BAFT,05/07/2023,15Z,32.2,14%,990.4 Hpa,300º (NW),25.2,3/8,3/8 SC,-,-,-,36.0,23.2,Scattered clouds
BAFT,05/07/2023,12Z,34.6,10%,990.1 Hpa,calm.,,3/8,3/8 SC,-,-,-,-,-,Scattered clouds
BAFT,05/07/2023,09Z,33.6,12%,990.7 Hpa,270º (W ),18.0,3/8,3/8 CU,-,-,-,-,-,Scattered clouds
BAFT,05/07/2023,06Z,31.0,19%,991.8 Hpa,calm.,,0/8,-,-,-,-,-,-,Clear
BAFT,05/07/2023,03Z,24.4,28%,993.1 Hpa,calm.,,0/8,-,-,-,-,37.2,23.2,Clear
BAFT,05/07/2023,00Z,23.8,26%,991.2 Hpa,300º (NW),14.4,0/8,-,-,-,-,-,-,Clear
BAM,05/07/2023,21Z,33.7,8%,995.8 Hpa,300º (NW),10.8,0/8,-,-,-,-,-,-,Clear
BAM,05/07/2023,18Z,34.6,8%,995.8 Hpa,300º (NW),7.2,0/8,-,-,-,-,-,-,Clear
BAM,05/07/2023,15Z,37.4,9%,995.0 Hpa,340º (N ),7.2,0/8,-,-,-,-,40.2,32.4,Clear
BAM,05/07/2023,12Z,39.2,8%,994.5 Hpa,010º (N),18.0,0/8,-,-,-,-,-,-,"Clear, dust"
BAM,05/07/2023,09Z,37.9,9%,995.6 Hpa,010º (N),21.6,0/8,-,-,-,-,-,-,"Clear, dust"
BAM,05/07/2023,06Z,37.6,9%,996.1 Hpa,010º (N),14.4,0/8,-,-,-,-,-,-,"Clear, dust"
BAM,05/07/2023,03Z,32.4,16%,997.1 Hpa,calm.,,0/8,-,-,-,-,41.8,31.8,Clear
BAM,05/07/2023,00Z,33.1,12%,994.9 Hpa,270º (W ),10.8,0/8,-,-,-,-,-,-,Clear
BANDAR LENGEH,05/07/2023,21Z,32.2,92%,994.2 Hpa,210º (SW),7.2,6/8,6/8 ST,-,-,-,-,-,"Cloudy, mist"
BANDAR LENGEH,05/07/2023,18Z,33.4,82%,993.7 Hpa,250º (W ),10.8,0/8,-,-,-,-,-,-,"Clear, mist"
BANDAR LENGEH,05/07/2023,15Z,35.0,60%,992.6 Hpa,260º (W ),14.4,0/8,-,-,-,-,36.5,31.8,"Clear, haze"
BANDAR LENGEH,05/07/2023,12Z,35.9,61%,993.6 Hpa,210º (SW),14.4,0/8,-,-,-,-,-,-,"Clear, haze"
BANDAR LENGEH,05/07/2023,09Z,35.8,65%,995.1 Hpa,190º (S ),14.4,0/8,-,-,-,-,-,-,"Clear, haze"
BANDAR LENGEH,05/07/2023,06Z,34.2,74%,995.9 Hpa,180º (S ),10.8,0/8,-,-,-,-,-,-,"Clear, haze"
BANDAR LENGEH,05/07/2023,03Z,31.8,85%,995.7 Hpa,160º (S ),10.8,2/8,2/8 ST,-,-,-,30.7,30.7,"Few clouds, mist"
BANDAR LENGEH,05/07/2023,00Z,31.0,87%,994.5 Hpa,calm.,,0/8,-,-,-,-,-,-,"Clear, mist"
BANDAR-E-DAYYER,05/07/2023,21Z,31.2,74%,993.3 Hpa,calm.,,0/8,-,-,-,-,-,-,Clear
BANDAR-E-DAYYER,05/07/2023,18Z,32.5,75%,994.1 Hpa,calm.,,0/8,-,-,-,-,-,-,Clear
BANDAR-E-DAYYER,05/07/2023,15Z,33.7,78%,993.6 Hpa,140º (SE),10.8,0/8,-,-,-,-,39.2,31.4,Clear
BANDAR-E-DAYYER,05/07/2023,12Z,37.3,66%,994.3 Hpa,210º (SW),3.6,0/8,-,-,-,-,-,-,Clear
BANDAR-E-DAYYER,05/07/2023,09Z,38.0,57%,995.3 Hpa,160º (S ),7.2,0/8,-,-,-,-,-,-,Clear
BANDAR-E-DAYYER,05/07/2023,06Z,36.6,69%,994.7 Hpa,160º (S ),3.6,0/8,-,-,-,-,-,-,Clear
BANDAR-E-DAYYER,05/07/2023,03Z,32.1,40%,994.6 Hpa,050º (NE),3.6,0/8,-,-,-,-,37.5,29.6,Clear
BANDAR-E-DAYYER,05/07/2023,00Z,31.7,37%,994.1 Hpa,calm.,,0/8,-,-,-,-,-,-,Clear
BANDARABBASS,05/07/2023,21Z,32.9,75%,995.1 Hpa,020º (N),10.8,0/8,-,-,-,-,-,-,"Clear, haze"
BANDARABBASS,05/07/2023,18Z,34.1,69%,994.7 Hpa,120º (SE),10.8,0/8,-,-,-,-,-,-,"Clear, haze"
BANDARABBASS,05/07/2023,15Z,35.6,56%,993.1 Hpa,190º (S ),10.8,1/8,-,-,CI,-,38.6,34.3,"Few clouds, haze"
BANDARABBASS,05/07/2023,12Z,36.5,66%,993.5 Hpa,230º (SW),21.6,0/8,-,-,-,-,-,-,"Clear, haze"
BANDARABBASS,05/07/2023,09Z,38.1,47%,995.3 Hpa,230º (SW),18.0,0/8,-,-,-,-,-,-,"Clear, haze"
BANDARABBASS,05/07/2023,06Z,36.2,67%,996.2 Hpa,150º (SE),10.8,0/8,-,-,-,-,-,-,"Clear, haze"
BANDARABBASS,05/07/2023,03Z,33.0,81%,995.9 Hpa,050º (NE),7.2,3/8,1/8 SC,AC,-,-,34.6,32.1,"Scattered clouds, mist"
BANDARABBASS,05/07/2023,00Z,32.7,81%,995.4 Hpa,040º (NE),14.4,3/8,-,3/8 AC,-,-,-,-,"Scattered clouds, mist"
BIRJAND,05/07/2023,21Z,21.3,25%,1000.5 Hpa,100º (E ),7.2,0/8,-,-,-,-,-,-,Clear
BIRJAND,05/07/2023,18Z,24.7,21%,1000.4 Hpa,080º (E ),25.2,0/8,-,-,-,-,-,-,Clear
BIRJAND,05/07/2023,15Z,28.1,13%,1000.4 Hpa,070º (E ),28.8,0/8,-,-,-,-,33.0,23.0,Clear
BIRJAND,05/07/2023,12Z,31.8,8%,999.5 Hpa,060º (NE),28.8,0/8,-,-,-,-,-,-,Clear
BIRJAND,05/07/2023,09Z,31.8,8%,999.9 Hpa,070º (E ),18.0,0/8,-,-,-,-,-,-,Clear
BIRJAND,05/07/2023,06Z,28.4,12%,1001.2 Hpa,070º (E ),25.2,0/8,-,-,-,-,-,-,Clear
BIRJAND,05/07/2023,03Z,23.0,16%,1001.9 Hpa,100º (E ),14.4,0/8,-,-,-,-,29.5,18.3,Clear
BIRJAND,05/07/2023,00Z,20.7,22%,1002.2 Hpa,090º (E ),18.0,0/8,-,-,-,-,-,-,Clear
BOJNOURD,05/07/2023,21Z,23.4,54%,1007.8 Hpa,280º (W ),36.0,7/8,-,7/8 AC,-,-,-,-,Cloudy
BOJNOURD,05/07/2023,18Z,25.1,48%,1008.1 Hpa,290º (W ),28.8,6/8,-,4/8 AC,CI,-,-,-,Cloudy
BOJNOURD,05/07/2023,15Z,29.0,22%,1007.2 Hpa,050º (NE),25.2,6/8,3/8 CB,AC,CI,-,32.4,15.2,Cloudy
BOJNOURD,05/07/2023,12Z,32.4,18%,1006.9 Hpa,340º (N ),18.0,5/8,2/8 CU,-,CI,-,-,-,Cloudy
BOJNOURD,05/07/2023,09Z,30.2,23%,1007.9 Hpa,230º (SW),7.2,4/8,1/8 CU,-,CI,-,-,-,Scattered clouds
BOJNOURD,05/07/2023,06Z,27.2,29%,1009.2 Hpa,310º (NW),10.8,0/8,-,-,-,-,-,-,Clear
BOJNOURD,05/07/2023,03Z,19.9,38%,1009.4 Hpa,Vble.,,0/8,-,-,-,-,29.1,15.2,Clear
BOJNOURD,05/07/2023,00Z,18.2,36%,1008.4 Hpa,Vble.,,0/8,-,-,-,-,-,-,Clear
BUSHEHR (AIRPORT),05/07/2023,21Z,28.7,59%,994.1 Hpa,calm.,,0/8,-,-,-,-,-,-,Clear
BUSHEHR (AIRPORT),05/07/2023,18Z,30.4,52%,994.6 Hpa,130º (SE),7.2,0/8,-,-,-,-,-,-,Clear
BUSHEHR (AIRPORT),05/07/2023,15Z,34.7,49%,993.8 Hpa,260º (W ),10.8,0/8,-,-,-,-,35.6,30.4,Clear
BUSHEHR (AIRPORT),05/07/2023,12Z,35.4,48%,994.9 Hpa,270º (W ),21.6,0/8,-,-,-,-,-,-,Clear
BUSHEHR (AIRPORT),05/07/2023,09Z,35.0,52%,995.6 Hpa,280º (W ),21.6,0/8,-,-,-,-,-,-,Clear
BUSHEHR (AIRPORT),05/07/2023,06Z,32.9,65%,995.9 Hpa,290º (W ),14.4,0/8,-,-,-,-,-,-,Clear
BUSHEHR (AIRPORT),05/07/2023,03Z,30.4,77%,995.7 Hpa,calm.,,0/8,-,-,-,-,34.4,25.8,Clear
BUSHEHR (AIRPORT),05/07/2023,00Z,26.5,73%,995.1 Hpa,160º (S ),7.2,0/8,-,-,-,-,-,-,Clear
CHAHBAHAR,05/07/2023,21Z,31.3,84%,994.5 Hpa,220º (SW),10.8,0/8,-,-,-,-,-,-,"Clear, mist"
CHAHBAHAR,05/07/2023,18Z,31.6,82%,994.1 Hpa,240º (SW),10.8,3/8,3/8 ST,-,-,-,-,-,"Scattered clouds, mist"
CHAHBAHAR,05/07/2023,15Z,31.9,81%,992.1 Hpa,230º (SW),18.0,3/8,3/8 ST,-,-,-,-,-,"Scattered clouds, mist"
CHAHBAHAR,05/07/2023,12Z,33.5,73%,991.3 Hpa,220º (SW),14.4,3/8,3/8 ST,-,-,-,-,-,"Scattered clouds, haze"
CHAHBAHAR,05/07/2023,09Z,34.3,883%,993.4 Hpa,200º (S ),14.4,4/8,2/8 ST,AC,-,-,-,-,"Scattered clouds, haze"
CHAHBAHAR,05/07/2023,06Z,33.2,1393%,994.8 Hpa,180º (S ),14.4,4/8,2/8 ST,AC,-,-,-,-,"Scattered clouds, haze"
CHAHBAHAR,05/07/2023,03Z,30.9,1069%,995.6 Hpa,calm.,,4/8,4/8 ST,-,-,-,31.1,30.4,"Scattered clouds, mist"
CHAHBAHAR,05/07/2023,00Z,30.4,84%,995.2 Hpa,calm.,,4/8,4/8 ST,-,-,-,-,-,"Scattered clouds, mist"
ESFAHAN,05/07/2023,21Z,28.7,16%,996.4 Hpa,180º (S ),7.2,0/8,-,-,-,-,-,-,Clear
ESFAHAN,05/07/2023,18Z,31.1,16%,995.0 Hpa,140º (SE),18.0,0/8,-,-,-,-,-,-,Clear
ESFAHAN,05/07/2023,15Z,36.7,13%,992.9 Hpa,120º (SE),7.2,0/8,-,-,-,-,39.7,26.7,Clear
ESFAHAN,05/07/2023,12Z,39.4,11%,993.1 Hpa,140º (SE),10.8,0/8,-,-,-,-,-,-,Clear
ESFAHAN,05/07/2023,09Z,37.6,13%,995.3 Hpa,100º (E ),7.2,0/8,-,-,-,-,-,-,"Clear, dust"
ESFAHAN,05/07/2023,06Z,34.6,16%,997.4 Hpa,120º (SE),3.6,0/8,-,-,-,-,-,-,"Clear, dust"
ESFAHAN,05/07/2023,03Z,26.2,24%,998.5 Hpa,350º (N ),3.6,0/8,-,-,-,-,37.4,23.0,"Clear, dust"
ESFAHAN,05/07/2023,00Z,26.0,23%,996.6 Hpa,060º (NE),7.2,0/8,-,-,-,-,-,-,"Clear, dust"
FASA,05/07/2023,21Z,26.8,20%,991.7 Hpa,calm.,,0/8,-,-,-,-,-,-,Clear
FASA,05/07/2023,18Z,33.4,14%,990.3 Hpa,340º (N ),10.8,0/8,-,-,-,-,-,-,Clear
FASA,05/07/2023,15Z,39.2,9%,991.3 Hpa,230º (SW),10.8,2/8,1/8 SC,AC,-,-,43.2,24.6,Few clouds
FASA,05/07/2023,12Z,42.4,8%,991.5 Hpa,200º (S ),14.4,2/8,2/8 CU,-,-,-,-,-,Few clouds
FASA,05/07/2023,09Z,42.6,7%,992.7 Hpa,280º (W ),14.4,1/8,1/8 CU,-,-,-,-,-,Few clouds
FASA,05/07/2023,06Z,39.6,9%,993.2 Hpa,200º (S ),7.2,0/8,-,-,-,-,-,-,Clear
FASA,05/07/2023,03Z,24.6,23%,995.4 Hpa,320º (NW),10.8,0/8,-,-,-,-,38.8,22.6,Clear
FASA,05/07/2023,00Z,23.8,20%,994.2 Hpa,300º (NW),7.2,0/8,-,-,-,-,-,-,Clear
FERDOUS,05/07/2023,21Z,25.8,24%,1001.2 Hpa,070º (E ),14.4,0/8,-,-,-,-,-,-,Clear
FERDOUS,05/07/2023,18Z,28.0,18%,1000.7 Hpa,110º (E ),14.4,2/8,-,-,CI,-,-,-,Few clouds
FERDOUS,05/07/2023,15Z,31.5,10%,1000.2 Hpa,050º (NE),21.6,0/8,-,-,-,-,34.5,24.4,Clear
FERDOUS,05/07/2023,12Z,34.2,7%,999.9 Hpa,050º (NE),18.0,0/8,-,-,-,-,-,-,Clear
FERDOUS,05/07/2023,09Z,32.2,9%,1001.3 Hpa,040º (NE),18.0,0/8,-,-,-,-,-,-,Clear
FERDOUS,05/07/2023,06Z,30.3,12%,1002.4 Hpa,360º (N ),10.8,0/8,-,-,-,-,-,-,Clear
FERDOUS,05/07/2023,03Z,24.4,23%,1002.5 Hpa,220º (SW),10.8,0/8,-,-,-,-,32.6,21.9,Clear
FERDOUS,05/07/2023,00Z,24.5,20%,1000.9 Hpa,050º (NE),14.4,0/8,-,-,-,-,-,-,Clear
GACH SARAN DU GUNBADAN,05/07/2023,21Z,30.0,20%,995.4 Hpa,calm.,,0/8,-,-,-,-,-,-,Clear
GACH SARAN DU GUNBADAN,05/07/2023,18Z,41.0,10%,993.4 Hpa,calm.,,0/8,-,-,-,-,-,-,Clear
GACH SARAN DU GUNBADAN,05/07/2023,15Z,40.4,11%,994.1 Hpa,240º (SW),14.4,0/8,-,-,-,-,45.7,26.3,"Clear, haze"
GACH SARAN DU GUNBADAN,05/07/2023,12Z,44.5,9%,994.2 Hpa,280º (W ),14.4,0/8,-,-,-,-,-,-,Clear
GACH SARAN DU GUNBADAN,05/07/2023,09Z,44.8,9%,994.7 Hpa,270º (W ),14.4,0/8,-,-,-,-,-,-,Clear
GACH SARAN DU GUNBADAN,05/07/2023,06Z,39.8,12%,995.4 Hpa,calm.,,0/8,-,-,-,-,-,-,Clear
GACH SARAN DU GUNBADAN,05/07/2023,03Z,26.3,29%,996.4 Hpa,Vble.,,0/8,-,-,-,-,39.3,23.0,"Clear, haze"
GACH SARAN DU GUNBADAN,05/07/2023,00Z,24.4,28%,995.9 Hpa,calm.,,0/8,-,-,-,-,-,-,"Clear, haze"
GHARAKHIL,05/07/2023,21Z,22.5,83%,1012.5 Hpa,180º (S ),3.6,1/8,-,1/8 AC,-,-,-,-,Few clouds
GHARAKHIL,05/07/2023,18Z,23.8,81%,1012.7 Hpa,200º (S ),3.6,4/8,-,4/8 AC,-,-,-,-,Scattered clouds
GHARAKHIL,05/07/2023,15Z,27.7,64%,1011.8 Hpa,290º (W ),3.6,5/8,2/8 SC,AC,-,-,32.7,26.2,Cloudy
GHARAKHIL,05/07/2023,12Z,30.7,52%,1011.2 Hpa,280º (W ),10.8,5/8,2/8 SC,AC,-,-,-,-,Cloudy
GHARAKHIL,05/07/2023,09Z,31.9,60%,1011.4 Hpa,330º (NW),10.8,4/8,4/8 CU/SC,-,-,-,-,-,Scattered clouds
GHARAKHIL,05/07/2023,06Z,31.8,56%,1011.7 Hpa,280º (W ),7.2,0/8,-,-,-,-,-,-,Clear
GHARAKHIL,05/07/2023,03Z,26.3,75%,1012.1 Hpa,140º (SE),3.6,5/8,-,3/8 AC,CI,-,26.9,21.6,Cloudy
GHARAKHIL,05/07/2023,00Z,21.8,91%,1011.5 Hpa,210º (SW),3.6,5/8,-,5/8 AC,-,-,-,-,Cloudy
GHAZVIN,05/07/2023,21Z,19.8,56%,1003.6 Hpa,110º (E ),3.6,5/8,-,5/8 AC,-,-,-,-,Cloudy
GHAZVIN,05/07/2023,18Z,25.5,43%,1001.2 Hpa,310º (NW),3.6,0/8,-,-,-,-,-,-,Clear
GHAZVIN,05/07/2023,15Z,29.7,37%,1000.2 Hpa,360º (N ),10.8,0/8,-,-,-,-,35.6,21.3,Clear
GHAZVIN,05/07/2023,12Z,34.8,20%,1000.3 Hpa,130º (SE),18.0,0/8,-,-,-,-,-,-,Clear
GHAZVIN,05/07/2023,09Z,32.4,23%,1002.7 Hpa,210º (SW),10.8,0/8,-,-,-,-,-,-,Clear
GHAZVIN,05/07/2023,06Z,29.2,32%,1003.9 Hpa,160º (S ),7.2,0/8,-,-,-,-,-,-,"Clear, haze"
GHAZVIN,05/07/2023,03Z,21.3,56%,1003.4 Hpa,calm.,,0/8,-,-,-,-,32.9,17.7,"Clear, haze"
GHAZVIN,05/07/2023,00Z,19.4,56%,1003.0 Hpa,280º (W ),7.2,0/8,-,-,-,-,-,-,Clear
GHUCHAN,05/07/2023,21Z,22.7,26%,1006.3 Hpa,010º (N),7.2,0/8,-,-,-,-,-,-,Clear
GHUCHAN,05/07/2023,18Z,24.9,25%,1006.3 Hpa,040º (NE),18.0,1/8,-,1/8 AC,-,-,-,-,Few clouds
GHUCHAN,05/07/2023,15Z,26.9,23%,1006.6 Hpa,060º (NE),28.8,6/8,6/8 SC,-,-,-,30.1,20.8,Cloudy
GHUCHAN,05/07/2023,12Z,29.4,22%,1007.5 Hpa,040º (NE),25.2,3/8,3/8 CU,-,-,-,-,-,Scattered clouds
GHUCHAN,05/07/2023,09Z,29.3,21%,1006.5 Hpa,030º (NE),18.0,0/8,-,-,-,-,-,-,Clear
GHUCHAN,05/07/2023,06Z,26.8,23%,1007.1 Hpa,060º (NE),14.4,0/8,-,-,-,-,-,-,Clear
GHUCHAN,05/07/2023,03Z,20.8,33%,1008.3 Hpa,calm.,,0/8,-,-,-,-,26.8,11.6,Clear
GHUCHAN,05/07/2023,00Z,13.1,44%,1008.9 Hpa,calm.,,0/8,-,-,-,-,-,-,Clear
GORGAN,05/07/2023,21Z,24.9,81%,1013.8 Hpa,210º (SW),14.4,4/8,1/8 SC,AC,-,-,-,-,Scattered clouds
GORGAN,05/07/2023,18Z,26.7,76%,1013.2 Hpa,240º (SW),7.2,4/8,1/8 SC,AC,-,-,-,-,Scattered clouds
GORGAN,05/07/2023,15Z,30.6,51%,1012.2 Hpa,270º (W ),18.0,6/8,2/8 SC,AC,-,-,34.8,26.7,Cloudy
GORGAN,05/07/2023,12Z,33.8,50%,1011.5 Hpa,250º (W ),21.6,4/8,2/8 CU,AC,-,-,-,-,Scattered clouds
GORGAN,05/07/2023,09Z,33.2,50%,1012.5 Hpa,270º (W ),18.0,4/8,2/8 CU,AC,-,-,-,-,Scattered clouds
GORGAN,05/07/2023,06Z,30.8,55%,1013.5 Hpa,310º (NW),7.2,4/8,1/8 CU,AC,-,-,-,-,Scattered clouds
GORGAN,05/07/2023,03Z,26.7,75%,1013.4 Hpa,230º (SW),7.2,2/8,-,2/8 AC,-,-,30.1,22.8,Few clouds
GORGAN,05/07/2023,00Z,24.1,82%,1011.7 Hpa,230º (SW),7.2,1/8,-,1/8 AC,-,-,-,-,Few clouds
HAMEDAN,05/07/2023,21Z,23.6,22%,996.5 Hpa,130º (SE),10.8,0/8,-,-,-,-,-,-,"Clear, dust"
HAMEDAN,05/07/2023,18Z,26.1,20%,996.0 Hpa,100º (E ),14.4,0/8,-,-,-,-,-,-,"Clear, dust"
HAMEDAN,05/07/2023,15Z,32.2,13%,995.5 Hpa,070º (E ),28.8,0/8,-,-,-,-,36.9,18.9,"Clear, dust"
HAMEDAN,05/07/2023,12Z,36.6,11%,993.5 Hpa,340º (N ),18.0,0/8,-,-,-,-,-,-,"Clear, dust"
HAMEDAN,05/07/2023,09Z,33.9,13%,995.1 Hpa,100º (E ),14.4,0/8,-,-,-,-,-,-,"Clear, dust"
HAMEDAN,05/07/2023,06Z,29.4,21%,996.9 Hpa,100º (E ),18.0,0/8,-,-,-,-,-,-,"Clear, dust"
HAMEDAN,05/07/2023,03Z,18.5,43%,999.3 Hpa,340º (N ),3.6,0/8,-,-,-,-,32.3,16.6,"Clear, dust"
HAMEDAN,05/07/2023,00Z,20.6,31%,996.7 Hpa,130º (SE),3.6,0/8,-,-,-,-,-,-,Clear
ILAM,05/07/2023,21Z,26.0,18%,995.8 Hpa,060º (NE),3.6,0/8,-,-,-,-,-,-,Clear
ILAM,05/07/2023,18Z,29.2,14%,995.8 Hpa,320º (NW),10.8,0/8,-,-,-,-,-,-,Clear
ILAM,05/07/2023,15Z,35.5,13%,996.1 Hpa,260º (W ),18.0,0/8,-,-,-,-,39.5,24.0,Clear
ILAM,05/07/2023,12Z,38.5,13%,996.3 Hpa,270º (W ),14.4,0/8,-,-,-,-,-,-,Clear
ILAM,05/07/2023,09Z,39.4,13%,995.6 Hpa,120º (SE),3.6,0/8,-,-,-,-,-,-,Clear
ILAM,05/07/2023,06Z,36.0,13%,996.4 Hpa,120º (SE),3.6,0/8,-,-,-,-,-,-,Clear
ILAM,05/07/2023,03Z,24.0,22%,998.0 Hpa,110º (E ),10.8,0/8,-,-,-,-,32.6,20.9,Clear
ILAM,05/07/2023,00Z,22.1,23%,997.9 Hpa,110º (E ),7.2,0/8,-,-,-,-,-,-,Clear
IRANSHAHR,05/07/2023,21Z,36.8,9%,993.8 Hpa,020º (N),18.0,0/8,-,-,-,-,-,-,"Clear, dust"
IRANSHAHR,05/07/2023,18Z,40.0,8%,993.0 Hpa,030º (NE),25.2,0/8,-,-,-,-,-,-,"Clear, dust"
IRANSHAHR,05/07/2023,15Z,43.4,8%,990.8 Hpa,340º (N ),21.6,0/8,-,-,-,-,46.9,37.6,"Clear, dust"
IRANSHAHR,05/07/2023,12Z,46.2,9%,990.0 Hpa,320º (NW),36.0,0/8,-,-,-,-,-,-,"Clear, dust"
IRANSHAHR,05/07/2023,09Z,46.3,10%,991.6 Hpa,340º (N ),18.0,0/8,-,-,-,-,-,-,Clear
IRANSHAHR,05/07/2023,06Z,42.2,11%,994.0 Hpa,050º (NE),18.0,0/8,-,-,-,-,-,-,"Clear, haze"
IRANSHAHR,05/07/2023,03Z,37.6,13%,994.6 Hpa,030º (NE),14.4,0/8,-,-,-,-,44.8,35.8,"Clear, haze"
IRANSHAHR,05/07/2023,00Z,37.1,14%,992.9 Hpa,030º (NE),14.4,2/8,-,-,CI,-,-,-,"Few clouds, haze"
JASK,05/07/2023,21Z,32.4,86%,994.3 Hpa,280º (W ),7.2,0/8,-,-,-,-,-,-,"Clear, mist"
JASK,05/07/2023,18Z,32.8,84%,994.7 Hpa,190º (S ),7.2,0/8,-,-,-,-,-,-,"Clear, mist"
JASK,05/07/2023,12Z,34.0,139%,993.5 Hpa,230º (SW),14.4,0/8,-,-,-,-,-,-,"Clear, mist"
JASK,05/07/2023,09Z,33.4,86%,995.1 Hpa,210º (SW),18.0,0/8,-,-,-,-,-,-,"Clear, mist"
JASK,05/07/2023,06Z,32.7,86%,996.3 Hpa,160º (S ),10.8,0/8,-,-,-,-,-,-,"Clear, mist"
JASK,05/07/2023,03Z,31.4,90%,995.9 Hpa,150º (SE),10.8,0/8,-,-,-,-,33.7,31.1,"Clear, mist"
JASK,05/07/2023,00Z,31.2,89%,995.0 Hpa,120º (SE),7.2,0/8,-,-,-,-,-,-,"Clear, mist"
KAHNUJ,05/07/2023,21Z,37.1,36%,993.2 Hpa,calm.,,0/8,-,-,-,-,-,-,Clear
KAHNUJ,05/07/2023,18Z,40.0,34%,991.4 Hpa,180º (S ),10.8,0/8,-,-,-,-,-,-,"Clear, haze"
KAHNUJ,05/07/2023,15Z,45.2,10%,990.5 Hpa,120º (SE),21.6,0/8,-,-,-,-,47.9,31.6,"Clear, haze"
KAHNUJ,05/07/2023,12Z,47.6,11%,990.6 Hpa,210º (SW),21.6,0/8,-,-,-,-,-,-,Clear
KAHNUJ,05/07/2023,09Z,44.8,25%,993.2 Hpa,210º (SW),14.4,0/8,-,-,-,-,-,-,Clear
KAHNUJ,05/07/2023,06Z,41.1,32%,993.7 Hpa,210º (SW),10.8,0/8,-,-,-,-,-,-,Clear
KAHNUJ,05/07/2023,03Z,32.1,51%,994.3 Hpa,180º (S ),21.6,0/8,-,-,-,-,45.4,31.6,Clear
KAHNUJ,05/07/2023,00Z,32.2,50%,993.1 Hpa,200º (S ),18.0,0/8,-,-,-,-,-,-,Clear
KASHAN,05/07/2023,21Z,32.6,8%,999.3 Hpa,140º (SE),7.2,0/8,-,-,-,-,-,-,"Clear, dust"
KASHAN,05/07/2023,18Z,34.6,9%,998.2 Hpa,130º (SE),10.8,0/8,-,-,-,-,-,-,"Clear, dust"
KASHAN,05/07/2023,15Z,37.8,8%,995.3 Hpa,060º (NE),36.0,0/8,-,-,-,-,41.7,30.0,"Clear, dust"
KASHAN,05/07/2023,12Z,41.2,6%,995.1 Hpa,330º (NW),18.0,0/8,-,-,-,-,-,-,"Clear, dust"
KASHAN,05/07/2023,09Z,39.0,9%,998.1 Hpa,060º (NE),3.6,0/8,-,-,-,-,-,-,"Clear, dust"
KASHAN,05/07/2023,06Z,34.4,13%,1000.4 Hpa,060º (NE),3.6,0/8,-,-,-,-,-,-,"Clear, dust"
KASHAN,05/07/2023,03Z,29.9,19%,1000.7 Hpa,calm.,,0/8,-,-,-,-,39.0,27.6,"Clear, dust"
KASHAN,05/07/2023,00Z,31.4,13%,998.7 Hpa,120º (SE),7.2,0/8,-,-,-,-,-,-,Clear
KASHMAR,05/07/2023,21Z,26.6,25%,1002.8 Hpa,080º (E ),10.8,0/8,-,-,-,-,-,-,Clear
KASHMAR,05/07/2023,18Z,28.6,23%,1002.6 Hpa,100º (E ),18.0,0/8,-,-,-,-,-,-,Clear
KASHMAR,05/07/2023,15Z,34.0,12%,1000.6 Hpa,070º (E ),7.2,0/8,-,-,-,-,35.5,25.8,Clear
KASHMAR,05/07/2023,12Z,35.1,11%,1001.3 Hpa,140º (SE),18.0,0/8,-,-,-,-,-,-,Clear
KASHMAR,05/07/2023,09Z,33.4,14%,1002.7 Hpa,140º (SE),10.8,0/8,-,-,-,-,-,-,Clear
KASHMAR,05/07/2023,06Z,30.5,17%,1004.0 Hpa,100º (E ),14.4,0/8,-,-,-,-,-,-,Clear
KASHMAR,05/07/2023,03Z,25.8,24%,1005.0 Hpa,calm.,,0/8,-,-,-,-,32.9,21.9,Clear
KASHMAR,05/07/2023,00Z,22.2,28%,1004.7 Hpa,calm.,,0/8,-,-,-,-,-,-,Clear
KERMAN,05/07/2023,21Z,27.8,14%,993.7 Hpa,070º (E ),43.2,0/8,-,-,-,-,-,-,Clear
KERMAN,05/07/2023,18Z,29.7,16%,993.5 Hpa,060º (NE),32.4,0/8,-,-,-,-,-,-,Clear
KERMAN,05/07/2023,15Z,32.7,15%,993.3 Hpa,060º (NE),21.6,0/8,-,-,-,-,37.0,23.6,Clear
KERMAN,05/07/2023,12Z,36.2,13%,991.3 Hpa,060º (NE),14.4,1/8,1/8 CU,-,-,-,-,-,Few clouds
KERMAN,05/07/2023,09Z,36.1,13%,992.9 Hpa,350º (N ),18.0,0/8,-,-,-,-,-,-,Clear
KERMAN,05/07/2023,06Z,33.1,16%,994.7 Hpa,calm.,,0/8,-,-,-,-,-,-,Clear
KERMAN,05/07/2023,03Z,25.7,22%,996.4 Hpa,360º (N ),10.8,0/8,-,-,-,-,39.6,23.6,Clear
KERMAN,05/07/2023,00Z,27.8,19%,993.5 Hpa,040º (NE),18.0,0/8,-,-,-,-,-,-,Clear
KERMANSHAH,05/07/2023,21Z,25.7,24%,994.9 Hpa,calm.,,0/8,-,-,-,-,-,-,Clear
KERMANSHAH,05/07/2023,18Z,32.6,14%,994.3 Hpa,300º (NW),10.8,0/8,-,-,-,-,-,-,Clear
KERMANSHAH,05/07/2023,15Z,37.9,5%,994.9 Hpa,290º (W ),10.8,0/8,-,-,-,-,40.4,18.2,Clear
KERMANSHAH,05/07/2023,12Z,40.0,5%,995.0 Hpa,270º (W ),14.4,0/8,-,-,-,-,-,-,Clear
KERMANSHAH,05/07/2023,09Z,37.1,9%,995.7 Hpa,290º (W ),10.8,0/8,-,-,-,-,-,-,Clear
KERMANSHAH,05/07/2023,06Z,31.0,14%,997.5 Hpa,210º (SW),18.0,0/8,-,-,-,-,-,-,Clear
KERMANSHAH,05/07/2023,03Z,20.7,25%,998.0 Hpa,090º (E ),10.8,0/8,-,-,-,-,39.5,18.2,Clear
KERMANSHAH,05/07/2023,00Z,21.4,24%,997.1 Hpa,090º (E ),7.2,0/8,-,-,-,-,-,-,Clear
KHARG,05/07/2023,15Z,36.5,44%,993.8 Hpa,260º (W ),14.4,0/8,-,-,-,-,38.0,31.2,Clear
KHARG,05/07/2023,12Z,37.7,38%,994.7 Hpa,280º (W ),18.0,0/8,-,-,-,-,-,-,Clear
KHARG,05/07/2023,09Z,34.3,56%,995.8 Hpa,310º (NW),21.6,0/8,-,-,-,-,-,-,Clear
KHARG,05/07/2023,06Z,33.0,60%,996.4 Hpa,320º (NW),18.0,0/8,-,-,-,-,-,-,Clear
KHARG,05/07/2023,03Z,31.6,66%,996.0 Hpa,300º (NW),10.8,0/8,-,-,-,-,36.4,27.6,Clear
KHOR,05/07/2023,21Z,28.2,33%,1001.2 Hpa,020º (N),25.2,0/8,-,-,-,-,-,-,Clear
KHOR,05/07/2023,18Z,32.0,10%,1000.1 Hpa,010º (N),10.8,0/8,-,-,-,-,-,-,Clear
KHOR,05/07/2023,15Z,37.2,8%,998.7 Hpa,040º (NE),14.4,0/8,-,-,-,-,39.6,28.8,Clear
KHOR,05/07/2023,12Z,39.2,8%,998.5 Hpa,050º (NE),14.4,0/8,-,-,-,-,-,-,Clear
KHOR,05/07/2023,09Z,38.0,10%,1001.0 Hpa,060º (NE),14.4,0/8,-,-,-,-,-,-,Clear
KHOR,05/07/2023,06Z,35.3,13%,1001.7 Hpa,040º (NE),18.0,0/8,-,-,-,-,-,-,Clear
KHOR,05/07/2023,03Z,28.6,19%,1002.3 Hpa,calm.,,0/8,-,-,-,-,38.0,27.1,Clear
KHOR,05/07/2023,00Z,28.4,21%,1000.8 Hpa,calm.,,0/8,-,-,-,-,-,-,Clear
KHORRAM ABAD,05/07/2023,21Z,23.8,20%,994.9 Hpa,130º (SE),7.2,0/8,-,-,-,-,-,-,Clear
KHORRAM ABAD,05/07/2023,18Z,28.2,19%,995.3 Hpa,080º (E ),7.2,0/8,-,-,-,-,-,-,Clear
KHORRAM ABAD,05/07/2023,15Z,38.1,8%,995.1 Hpa,260º (W ),18.0,0/8,-,-,-,-,42.7,19.7,Clear
KHORRAM ABAD,05/07/2023,12Z,41.6,7%,994.5 Hpa,300º (NW),14.4,0/8,-,-,-,-,-,-,Clear
KHORRAM ABAD,05/07/2023,09Z,39.5,10%,995.2 Hpa,270º (W ),10.8,0/8,-,-,-,-,-,-,Clear
KHORRAM ABAD,05/07/2023,06Z,31.7,15%,997.5 Hpa,270º (W ),3.6,0/8,-,-,-,-,-,-,Clear
KHORRAM ABAD,05/07/2023,03Z,19.7,29%,998.2 Hpa,calm.,,0/8,-,-,-,-,36.8,17.6,Clear
KHORRAM ABAD,05/07/2023,00Z,18.8,37%,997.5 Hpa,calm.,,0/8,-,-,-,-,-,-,Clear
KHOY,05/07/2023,21Z,21.8,48%,1005.6 Hpa,calm.,,0/8,-,-,-,-,-,-,Clear
KHOY,05/07/2023,18Z,25.2,39%,1004.8 Hpa,030º (NE),21.6,0/8,-,-,-,-,-,-,Clear
KHOY,05/07/2023,15Z,30.8,29%,1002.9 Hpa,080º (E ),28.8,1/8,1/8 CU,-,-,-,33.0,21.5,Few clouds
KHOY,05/07/2023,12Z,32.4,27%,1002.9 Hpa,calm.,,1/8,1/8 CU,-,-,-,-,-,Few clouds
KHOY,05/07/2023,09Z,30.4,29%,1004.7 Hpa,060º (NE),21.6,0/8,-,-,-,-,-,-,Clear
KHOY,05/07/2023,06Z,27.0,7%,1006.1 Hpa,080º (E ),25.2,0/8,-,-,-,-,-,-,Clear
KHOY,05/07/2023,03Z,21.5,62%,1005.3 Hpa,calm.,,2/8,2/8 SC,-,-,-,34.0,20.4,Few clouds
KHOY,05/07/2023,00Z,21.6,55%,1005.3 Hpa,calm.,,2/8,2/8 SC,-,-,-,-,-,Few clouds
KISH ISLAND,05/07/2023,21Z,30.6,88%,994.0 Hpa,150º (SE),10.8,0/8,-,-,-,-,-,-,"Clear, mist"
KISH ISLAND,05/07/2023,18Z,31.6,85%,993.7 Hpa,290º (W ),18.0,0/8,-,-,-,-,-,-,"Clear, mist"
KISH ISLAND,05/07/2023,15Z,33.4,77%,993.5 Hpa,280º (W ),14.4,0/8,-,-,-,-,38.0,31.0,"Clear, haze"
KISH ISLAND,05/07/2023,12Z,37.2,57%,994.1 Hpa,220º (SW),14.4,0/8,-,-,-,-,-,-,"Clear, haze"
KISH ISLAND,05/07/2023,09Z,36.8,55%,995.5 Hpa,150º (SE),18.0,0/8,-,-,-,-,-,-,"Clear, haze"
KISH ISLAND,05/07/2023,06Z,34.0,71%,996.1 Hpa,140º (SE),18.0,3/8,-,-,CI,-,-,-,"Scattered clouds, haze"
KISH ISLAND,05/07/2023,03Z,31.0,87%,995.8 Hpa,140º (SE),10.8,0/8,-,-,-,-,33.2,29.8,"Clear, mist"
KISH ISLAND,05/07/2023,00Z,29.8,90%,994.5 Hpa,120º (SE),10.8,0/8,-,-,-,-,-,-,"Clear, mist"
MAKKO,05/07/2023,21Z,20.0,53%,1007.2 Hpa,calm.,,0/8,-,-,-,-,-,-,Clear
MAKKO,05/07/2023,18Z,23.0,43%,1006.6 Hpa,070º (E ),25.2,0/8,-,-,-,-,-,-,Clear
MAKKO,05/07/2023,15Z,28.2,27%,1004.2 Hpa,060º (NE),18.0,1/8,1/8 SC,-,-,-,29.6,16.2,Few clouds
MAKKO,05/07/2023,12Z,28.2,28%,1005.4 Hpa,080º (E ),25.2,0/8,-,-,-,0.4(24h),-,-,Clear
MAKKO,05/07/2023,09Z,26.2,34%,1006.9 Hpa,080º (E ),10.8,1/8,-,1/8 AC,-,0.4(24h),-,-,Few clouds
MAKKO,05/07/2023,06Z,23.2,46%,1008.0 Hpa,060º (NE),10.8,3/8,3/8 SC,-,-,0.4(24h),-,-,Scattered clouds
MAKKO,05/07/2023,03Z,19.6,62%,1007.2 Hpa,calm.,,0/8,-,-,-,0.4(24h),31.6,15.4,Clear
MAKKO,05/07/2023,00Z,17.4,61%,1008.7 Hpa,calm.,,0/8,-,-,-,0.4(24h),-,-,Clear
MARAGHEH,05/07/2023,21Z,22.8,35%,1003.3 Hpa,080º (E ),50.4,0/8,-,-,-,-,-,-,Clear
MARAGHEH,05/07/2023,18Z,25.7,34%,1001.8 Hpa,080º (E ),46.8,0/8,-,-,-,-,-,-,"Clear, dust"
MARAGHEH,05/07/2023,15Z,31.6,25%,999.5 Hpa,090º (E ),28.8,1/8,1/8 CU,-,-,-,33.5,23.6,Few clouds
MARAGHEH,05/07/2023,12Z,32.9,23%,999.5 Hpa,120º (SE),21.6,1/8,1/8 CU,-,-,-,-,-,Few clouds
MARAGHEH,05/07/2023,09Z,30.7,25%,1001.7 Hpa,100º (E ),32.4,0/8,-,-,-,-,-,-,Clear
MARAGHEH,05/07/2023,06Z,27.0,29%,1002.7 Hpa,090º (E ),28.8,1/8,1/8 CU,-,-,-,-,-,Few clouds
MARAGHEH,05/07/2023,03Z,23.6,32%,1002.0 Hpa,080º (E ),18.0,3/8,3/8 SC,-,-,-,35.1,23.3,Scattered clouds
MARAGHEH,05/07/2023,00Z,24.9,30%,1000.5 Hpa,100º (E ),21.6,1/8,1/8 SC,-,-,-,-,-,Few clouds
MARAVEH-TAPPEH,05/07/2023,21Z,25.7,55%,1010.3 Hpa,180º (S ),25.2,3/8,-,-,CI,-,-,-,Scattered clouds
MARAVEH-TAPPEH,05/07/2023,18Z,28.8,42%,1010.9 Hpa,270º (W ),10.8,6/8,1/8 SC,AC,-,-,-,-,Cloudy
MARAVEH-TAPPEH,05/07/2023,15Z,29.7,48%,1009.5 Hpa,230º (SW),18.0,7/8,1/8 SC,AC,CS,-,34.1,25.3,Cloudy
MARAVEH-TAPPEH,05/07/2023,12Z,33.1,29%,1009.0 Hpa,290º (W ),14.4,7/8,1/8 CU,-,CI,-,-,-,Cloudy
MARAVEH-TAPPEH,05/07/2023,09Z,32.3,36%,1010.1 Hpa,300º (NW),14.4,5/8,2/8 CU,-,CI,-,-,-,Cloudy
MARAVEH-TAPPEH,05/07/2023,06Z,28.9,53%,1011.2 Hpa,310º (NW),7.2,3/8,1/8 CU,-,CI,-,-,-,Scattered clouds
MARAVEH-TAPPEH,05/07/2023,03Z,27.0,59%,1010.3 Hpa,calm.,,0/8,-,-,-,-,34.7,23.7,Clear
MARAVEH-TAPPEH,05/07/2023,00Z,24.5,61%,1009.5 Hpa,160º (S ),14.4,0/8,-,-,-,-,-,-,Clear
MASHHAD,05/07/2023,21Z,25.5,35%,1006.2 Hpa,030º (NE),7.2,3/8,-,-,CI,-,-,-,Scattered clouds
MASHHAD,05/07/2023,18Z,27.4,36%,1006.2 Hpa,050º (NE),10.8,4/8,1/8 SC,AC,-,-,-,-,Scattered clouds
MASHHAD,05/07/2023,15Z,29.7,34%,1005.1 Hpa,070º (E ),21.6,4/8,1/8 SC,-,CI,-,33.4,26.0,Scattered clouds
MASHHAD,05/07/2023,12Z,32.0,33%,1005.3 Hpa,060º (NE),28.8,2/8,2/8 CU,-,-,-,-,-,Few clouds
MASHHAD,05/07/2023,09Z,32.0,31%,1006.0 Hpa,050º (NE),18.0,1/8,1/8 CU,-,-,-,-,-,Few clouds
MASHHAD,05/07/2023,06Z,29.4,34%,1007.3 Hpa,300º (NW),10.8,0/8,-,-,-,-,-,-,Clear
MASHHAD,05/07/2023,03Z,26.0,40%,1007.4 Hpa,060º (NE),7.2,0/8,-,-,-,-,29.0,19.8,Clear
MASHHAD,05/07/2023,00Z,21.7,42%,1007.1 Hpa,240º (SW),10.8,0/8,-,-,-,-,-,-,Clear
MASJED-SOLEYMAN,05/07/2023,21Z,34.9,14%,992.3 Hpa,150º (SE),3.6,-,-,-,-,-,-,-,-
MASJED-SOLEYMAN,05/07/2023,18Z,37.1,12%,992.8 Hpa,070º (E ),3.6,0/8,-,-,-,-,-,-,Clear
MASJED-SOLEYMAN,05/07/2023,15Z,44.8,8%,992.6 Hpa,270º (W ),10.8,0/8,-,-,-,-,46.9,28.5,Clear
MASJED-SOLEYMAN,05/07/2023,12Z,46.3,8%,993.1 Hpa,270º (W ),10.8,0/8,-,-,-,-,-,-,Clear
MASJED-SOLEYMAN,05/07/2023,09Z,45.5,7%,994.0 Hpa,190º (S ),7.2,-,-,-,-,-,-,-,-
MASJED-SOLEYMAN,05/07/2023,06Z,42.0,9%,994.6 Hpa,150º (SE),3.6,0/8,-,-,-,-,-,-,Clear
MASJED-SOLEYMAN,05/07/2023,03Z,30.9,19%,994.5 Hpa,calm.,,0/8,-,-,-,-,43.6,28.5,Clear
MASJED-SOLEYMAN,05/07/2023,00Z,30.1,16%,994.2 Hpa,170º (S ),3.6,0/8,-,-,-,-,-,-,Clear
MEYANEH,05/07/2023,21Z,23.1,30%,1006.9 Hpa,030º (NE),10.8,0/8,-,-,-,-,-,-,Clear
MEYANEH,05/07/2023,18Z,24.7,28%,1006.7 Hpa,040º (NE),18.0,1/8,1/8 CU,-,-,-,-,-,Few clouds
MEYANEH,05/07/2023,15Z,29.2,28%,1003.7 Hpa,060º (NE),32.4,1/8,1/8 CU,-,-,-,34.1,24.2,Few clouds
MEYANEH,05/07/2023,12Z,32.6,24%,1002.6 Hpa,050º (NE),25.2,1/8,1/8 CU,-,-,-,-,-,Few clouds
MEYANEH,05/07/2023,09Z,32.1,25%,1003.8 Hpa,090º (E ),21.6,0/8,-,-,-,-,-,-,Clear
MEYANEH,05/07/2023,06Z,28.1,28%,1006.5 Hpa,070º (E ),18.0,0/8,-,-,-,-,-,-,Clear
MEYANEH,05/07/2023,03Z,24.1,30%,1006.7 Hpa,040º (NE),10.8,0/8,-,-,-,-,31.4,22.6,Clear
MEYANEH,05/07/2023,00Z,23.4,32%,1005.0 Hpa,030º (NE),10.8,0/8,-,-,-,-,-,-,Clear
MOHABAD,05/07/2023,21Z,24.8,35%,1002.4 Hpa,calm.,,0/8,-,-,-,-,-,-,Clear
MOHABAD,05/07/2023,18Z,28.4,32%,1000.9 Hpa,360º (N ),7.2,0/8,-,-,-,-,-,-,Clear
MOHABAD,05/07/2023,15Z,31.2,25%,1000.1 Hpa,350º (N ),21.6,0/8,-,-,-,-,32.6,22.2,Clear
MOHABAD,05/07/2023,12Z,31.6,23%,1000.5 Hpa,020º (N),21.6,0/8,-,-,-,-,-,-,Clear
MOHABAD,05/07/2023,09Z,29.2,25%,1002.1 Hpa,360º (N ),14.4,0/8,-,-,-,-,-,-,Clear
MOHABAD,05/07/2023,06Z,25.8,30%,1003.6 Hpa,360º (N ),14.4,0/8,-,-,-,-,-,-,Clear
MOHABAD,05/07/2023,03Z,22.2,37%,1003.2 Hpa,030º (NE),18.0,0/8,-,-,-,-,33.4,21.6,Clear
MOHABAD,05/07/2023,00Z,23.2,36%,1001.9 Hpa,060º (NE),18.0,0/8,-,-,-,-,-,-,Clear
NEHBANDAN,05/07/2023,21Z,26.5,19%,997.2 Hpa,360º (N ),43.2,0/8,-,-,-,-,-,-,"Clear, dust"
NEHBANDAN,05/07/2023,18Z,28.6,16%,998.4 Hpa,030º (NE),18.0,0/8,-,-,-,-,-,-,Clear
NEHBANDAN,05/07/2023,15Z,31.9,11%,997.3 Hpa,010º (N),25.2,0/8,-,-,-,-,36.2,26.7,Clear
NEHBANDAN,05/07/2023,12Z,35.6,7%,996.4 Hpa,360º (N ),25.2,0/8,-,-,-,-,-,-,Clear
NEHBANDAN,05/07/2023,09Z,34.6,8%,998.4 Hpa,360º (N ),25.2,0/8,-,-,-,-,-,-,Clear
NEHBANDAN,05/07/2023,06Z,31.2,10%,999.6 Hpa,360º (N ),25.2,0/8,-,-,-,-,-,-,Clear
NEHBANDAN,05/07/2023,03Z,26.7,14%,999.4 Hpa,130º (SE),32.4,0/8,-,-,-,-,33.2,24.9,"Clear, dust"
NEHBANDAN,05/07/2023,00Z,25.5,18%,998.4 Hpa,360º (N ),25.2,0/8,-,-,-,-,-,-,"Clear, dust"
NOSHAHR,05/07/2023,21Z,24.6,81%,1011.1 Hpa,calm.,,5/8,5/8 SC,-,-,-,-,-,Cloudy
NOSHAHR,05/07/2023,18Z,26.0,84%,1011.4 Hpa,180º (S ),7.2,5/8,5/8 SC,-,-,-,-,-,Cloudy
NOSHAHR,05/07/2023,15Z,28.4,72%,1010.6 Hpa,300º (NW),7.2,7/8,7/8 CU/SC,-,-,-,30.0,25.6,Cloudy
NOSHAHR,05/07/2023,12Z,28.4,74%,1010.9 Hpa,320º (NW),10.8,7/8,7/8 CU/SC,-,-,-,-,-,Cloudy
NOSHAHR,05/07/2023,09Z,29.2,63%,1011.4 Hpa,330º (NW),14.4,1/8,1/8 CU,-,-,-,-,-,Few clouds
NOSHAHR,05/07/2023,06Z,29.0,65%,1011.1 Hpa,300º (NW),14.4,3/8,3/8 SC,-,-,-,-,-,Scattered clouds
NOSHAHR,05/07/2023,03Z,25.6,74%,1011.6 Hpa,180º (S ),3.6,1/8,1/8 SC,-,-,-,28.0,23.0,Few clouds
NOSHAHR,05/07/2023,00Z,24.2,81%,1010.6 Hpa,210º (SW),7.2,2/8,2/8 CU,-,-,-,-,-,Few clouds
OMIDYEH-AGHAJARI,05/07/2023,21Z,33.0,28%,993.9 Hpa,140º (SE),14.4,0/8,-,-,-,-,-,-,Clear
OMIDYEH-AGHAJARI,05/07/2023,18Z,38.2,15%,994.1 Hpa,330º (NW),7.2,0/8,-,-,-,-,-,-,Clear
OMIDYEH-AGHAJARI,05/07/2023,15Z,46.9,8%,993.4 Hpa,290º (W ),18.0,0/8,-,-,-,-,48.4,27.0,Clear
OMIDYEH-AGHAJARI,05/07/2023,12Z,48.0,8%,994.1 Hpa,300º (NW),18.0,0/8,-,-,-,-,-,-,Clear
OMIDYEH-AGHAJARI,05/07/2023,09Z,46.6,8%,995.4 Hpa,340º (N ),14.4,0/8,-,-,-,-,-,-,Clear
OMIDYEH-AGHAJARI,05/07/2023,06Z,41.1,15%,996.2 Hpa,210º (SW),7.2,0/8,-,-,-,-,-,-,"Clear, haze"
OMIDYEH-AGHAJARI,05/07/2023,03Z,28.5,26%,996.6 Hpa,160º (S ),7.2,0/8,-,-,-,-,46.3,27.0,"Clear, haze"
OMIDYEH-AGHAJARI,05/07/2023,00Z,28.2,24%,996.3 Hpa,calm.,,0/8,-,-,-,-,-,-,Clear
ORUMIEH,05/07/2023,21Z,21.8,46%,1003.9 Hpa,340º (N ),10.8,0/8,-,-,-,-,-,-,Clear
ORUMIEH,05/07/2023,18Z,24.0,44%,1003.5 Hpa,020º (N),7.2,0/8,-,-,-,-,-,-,Clear
ORUMIEH,05/07/2023,15Z,30.2,28%,1001.7 Hpa,020º (N),14.4,1/8,1/8 CU,-,-,-,31.4,18.6,Few clouds
ORUMIEH,05/07/2023,12Z,30.9,23%,1003.1 Hpa,030º (NE),14.4,1/8,1/8 SC,-,-,-,-,-,Few clouds
ORUMIEH,05/07/2023,09Z,29.0,28%,1003.1 Hpa,040º (NE),10.8,1/8,1/8 SC,-,-,-,-,-,Few clouds
ORUMIEH,05/07/2023,06Z,25.0,33%,1005.2 Hpa,020º (N),14.4,1/8,1/8 SC,-,-,-,-,-,Few clouds
ORUMIEH,05/07/2023,03Z,18.6,68%,1004.3 Hpa,260º (W ),7.2,2/8,1/8 SC,AC,-,-,32.8,14.7,Few clouds
ORUMIEH,05/07/2023,00Z,17.0,70%,1004.4 Hpa,250º (W ),7.2,0/8,-,-,-,-,-,-,Clear
PARS ABAD MOGHAN,05/07/2023,21Z,23.0,61%,1011.1 Hpa,140º (SE),10.8,0/8,-,-,-,-,-,-,Clear
PARS ABAD MOGHAN,05/07/2023,18Z,27.5,45%,1011.0 Hpa,130º (SE),18.0,0/8,-,-,-,-,-,-,Clear
PARS ABAD MOGHAN,05/07/2023,15Z,33.0,33%,1009.9 Hpa,120º (SE),21.6,1/8,-,-,CI,-,35.2,23.6,Few clouds
PARS ABAD MOGHAN,05/07/2023,12Z,35.0,28%,1009.8 Hpa,100º (E ),18.0,1/8,1/8 SC,-,-,-,-,-,Few clouds
PARS ABAD MOGHAN,05/07/2023,09Z,33.4,36%,1011.1 Hpa,050º (NE),18.0,0/8,-,-,-,-,-,-,Clear
PARS ABAD MOGHAN,05/07/2023,06Z,28.4,59%,1011.5 Hpa,110º (E ),14.4,3/8,3/8 SC,-,-,-,-,-,Scattered clouds
PARS ABAD MOGHAN,05/07/2023,03Z,23.6,74%,1011.7 Hpa,calm.,,5/8,2/8 SC,AC,-,-,34.2,19.8,Cloudy
PARS ABAD MOGHAN,05/07/2023,00Z,22.4,65%,1011.2 Hpa,110º (E ),7.2,5/8,5/8 SC,-,-,-,-,-,Cloudy
RAMSAR,05/07/2023,21Z,24.8,71%,1012.7 Hpa,240º (SW),3.6,1/8,1/8 SC,-,-,-,-,-,Few clouds
RAMSAR,05/07/2023,18Z,25.8,74%,1011.8 Hpa,200º (S ),3.6,2/8,2/8 SC,-,-,-,-,-,Few clouds
RAMSAR,05/07/2023,15Z,28.6,67%,1010.6 Hpa,020º (N),14.4,4/8,4/8 CU/SC,-,-,-,30.9,25.2,Scattered clouds
RAMSAR,05/07/2023,12Z,29.8,71%,1011.0 Hpa,010º (N),10.8,5/8,5/8 CU/SC,-,-,-,-,-,Cloudy
RAMSAR,05/07/2023,09Z,30.2,66%,1011.2 Hpa,340º (N ),21.6,2/8,2/8 CU,-,-,-,-,-,Few clouds
RAMSAR,05/07/2023,06Z,29.0,56%,1010.1 Hpa,340º (N ),28.8,2/8,2/8 CU,-,-,-,-,-,Few clouds
RAMSAR,05/07/2023,03Z,25.4,67%,1011.0 Hpa,240º (SW),3.6,4/8,1/8 CU,AC,-,-,28.6,23.6,Scattered clouds
RAMSAR,05/07/2023,00Z,24.2,75%,1010.5 Hpa,240º (SW),3.6,4/8,4/8 SC,-,-,-,-,-,Scattered clouds
RASHT,05/07/2023,21Z,24.8,91%,1013.1 Hpa,calm.,,3/8,-,1/8 AC,CC,-,-,-,Scattered clouds
RASHT,05/07/2023,18Z,24.8,98%,1013.1 Hpa,260º (W ),7.2,3/8,-,2/8 AC,CC,-,-,-,Scattered clouds
RASHT,05/07/2023,15Z,28.4,70%,1011.9 Hpa,320º (NW),7.2,2/8,2/8 CU,-,-,-,30.8,24.4,Few clouds
RASHT,05/07/2023,12Z,30.6,58%,1012.0 Hpa,260º (W ),10.8,2/8,2/8 CU,-,-,-,-,-,Few clouds
RASHT,05/07/2023,09Z,30.0,63%,1012.3 Hpa,110º (E ),10.8,2/8,2/8 CU,-,-,-,-,-,Few clouds
RASHT,05/07/2023,06Z,28.4,72%,1012.6 Hpa,250º (W ),7.2,5/8,5/8 CU,-,CI,-,-,-,Cloudy
RASHT,05/07/2023,03Z,24.2,100%,1012.8 Hpa,230º (SW),7.2,4/8,4/8 SC,-,-,-,28.6,23.6,Scattered clouds
RASHT,05/07/2023,00Z,24.0,100%,1011.0 Hpa,calm.,,4/8,-,-,CI,-,-,-,Scattered clouds
SABZEVAR,05/07/2023,21Z,27.8,20%,1004.7 Hpa,070º (E ),21.6,0/8,-,-,-,-,-,-,Clear
SABZEVAR,05/07/2023,18Z,29.5,23%,1004.3 Hpa,040º (NE),14.4,1/8,1/8 SC,-,-,-,-,-,Few clouds
SABZEVAR,05/07/2023,15Z,33.7,15%,1001.8 Hpa,060º (NE),21.6,4/8,2/8 SC,-,CI,-,36.7,24.2,Scattered clouds
SABZEVAR,05/07/2023,12Z,36.3,10%,1002.3 Hpa,070º (E ),10.8,5/8,2/8 CU,-,CI,-,-,-,Cloudy
SABZEVAR,05/07/2023,09Z,34.2,13%,1004.2 Hpa,140º (SE),18.0,1/8,-,-,CI,-,-,-,Few clouds
SABZEVAR,05/07/2023,06Z,30.3,17%,1006.1 Hpa,080º (E ),21.6,0/8,-,-,-,-,-,-,Clear
SABZEVAR,05/07/2023,03Z,27.2,19%,1005.6 Hpa,110º (E ),18.0,0/8,-,-,-,-,34.8,24.7,Clear
SABZEVAR,05/07/2023,00Z,25.4,22%,1005.2 Hpa,080º (E ),14.4,2/8,2/8 SC,-,-,-,-,-,Few clouds
SAFI-ABAD DEZFUL,05/07/2023,21Z,29.0,41%,992.5 Hpa,040º (NE),7.2,0/8,-,-,-,-,-,-,Clear
SAFI-ABAD DEZFUL,05/07/2023,18Z,32.6,34%,992.6 Hpa,calm.,,0/8,-,-,-,-,-,-,Clear
SAFI-ABAD DEZFUL,05/07/2023,15Z,47.5,10%,992.4 Hpa,160º (S ),3.6,0/8,-,-,-,-,48.8,27.9,Clear
SAFI-ABAD DEZFUL,05/07/2023,12Z,47.6,6%,993.4 Hpa,120º (SE),7.2,0/8,-,-,-,-,-,-,Clear
SAFI-ABAD DEZFUL,05/07/2023,09Z,44.5,12%,994.7 Hpa,110º (E ),7.2,0/8,-,-,-,-,-,-,Clear
SAFI-ABAD DEZFUL,05/07/2023,06Z,41.2,12%,995.1 Hpa,090º (E ),7.2,0/8,-,-,-,-,-,-,Clear
SAFI-ABAD DEZFUL,05/07/2023,03Z,27.9,36%,994.9 Hpa,020º (N),7.2,0/8,-,-,-,-,45.2,24.3,Clear
SAFI-ABAD DEZFUL,05/07/2023,00Z,26.2,43%,994.5 Hpa,040º (NE),7.2,0/8,-,-,-,-,-,-,Clear
SAGHEZ,05/07/2023,21Z,23.1,42%,1001.2 Hpa,calm.,,0/8,-,-,-,-,-,-,Clear
SAGHEZ,05/07/2023,18Z,27.6,33%,999.7 Hpa,130º (SE),18.0,0/8,-,-,-,-,-,-,Clear
SAGHEZ,05/07/2023,15Z,31.2,28%,998.2 Hpa,330º (NW),32.4,0/8,-,-,-,-,32.9,21.0,Clear
SAGHEZ,05/07/2023,12Z,29.3,32%,1001.8 Hpa,330º (NW),21.6,2/8,2/8 CU,-,-,-,-,-,Few clouds
SAGHEZ,05/07/2023,09Z,29.3,32%,1001.8 Hpa,330º (NW),14.4,0/8,-,-,-,-,-,-,Clear
SAGHEZ,05/07/2023,06Z,25.0,37%,1003.0 Hpa,330º (NW),10.8,0/8,-,-,-,-,-,-,Clear
SAGHEZ,05/07/2023,03Z,21.0,44%,1001.9 Hpa,340º (N ),10.8,0/8,-,-,-,-,33.3,15.2,Clear
SAGHEZ,05/07/2023,00Z,16.0,56%,1001.1 Hpa,160º (S ),3.6,0/8,-,-,-,-,-,-,Clear
SANANDAJ,05/07/2023,21Z,26.5,28%,997.9 Hpa,360º (N ),14.4,0/8,-,-,-,-,-,-,Clear
SANANDAJ,05/07/2023,18Z,30.2,21%,996.6 Hpa,350º (N ),18.0,0/8,-,-,-,-,-,-,Clear
SANANDAJ,05/07/2023,15Z,37.1,10%,993.5 Hpa,Vble.,,1/8,1/8 SC,-,-,-,39.2,26.2,Few clouds
SANANDAJ,05/07/2023,12Z,38.7,8%,993.8 Hpa,290º (W ),10.8,1/8,1/8 CU,-,-,-,-,-,"Few clouds, dust"
SANANDAJ,05/07/2023,09Z,36.3,13%,995.6 Hpa,310º (NW),14.4,0/8,-,-,-,-,-,-,"Clear, dust"
SANANDAJ,05/07/2023,06Z,30.8,19%,998.3 Hpa,340º (N ),14.4,0/8,-,-,-,-,-,-,"Clear, dust"
SANANDAJ,05/07/2023,03Z,26.2,27%,997.6 Hpa,340º (N ),14.4,0/8,-,-,-,-,37.3,25.1,"Clear, dust"
SANANDAJ,05/07/2023,00Z,27.0,27%,996.3 Hpa,360º (N ),10.8,0/8,-,-,-,-,-,-,Clear
SARAB,05/07/2023,21Z,13.4,64%,1009.4 Hpa,calm.,,0/8,-,-,-,0.1(24h),-,-,Clear
SARAB,05/07/2023,18Z,19.1,42%,1008.4 Hpa,060º (NE),14.4,0/8,-,-,-,0.1(24h),-,-,Clear
SARAB,05/07/2023,15Z,24.1,38%,1007.4 Hpa,080º (E ),18.0,1/8,1/8 SC,-,-,0.1(24h),27.4,15.0,Few clouds
SARAB,05/07/2023,12Z,27.1,34%,1005.6 Hpa,080º (E ),21.6,1/8,1/8 CU,-,-,0.1(24h),-,-,Few clouds
SARAB,05/07/2023,09Z,25.7,36%,1006.5 Hpa,060º (NE),21.6,1/8,1/8 SC,-,-,0.1(24h),-,-,Few clouds
SARAB,05/07/2023,06Z,22.9,35%,1008.3 Hpa,070º (E ),14.4,3/8,2/8 SC,AC,-,0.1(24h),-,-,Scattered clouds
SARAB,05/07/2023,03Z,15.2,65%,1009.3 Hpa,310º (NW),7.2,5/8,3/8 CB,AC,-,0.1(24h),24.2,12.5,Cloudy
SARAB,05/07/2023,00Z,16.6,49%,1006.4 Hpa,070º (E ),10.8,6/8,3/8 CB,AC,-,0.1(6h),-,-,"Cloudy, rain showers"
SARAKHS,05/07/2023,21Z,26.3,28%,1006.0 Hpa,calm.,,0/8,-,-,-,-,-,-,Clear
SARAKHS,05/07/2023,18Z,29.5,26%,1007.6 Hpa,calm.,,0/8,-,-,-,-,-,-,Clear
SARAKHS,05/07/2023,15Z,35.4,18%,1005.5 Hpa,030º (NE),18.0,0/8,-,-,-,-,39.0,26.8,Clear
SARAKHS,05/07/2023,12Z,38.2,17%,1006.1 Hpa,360º (N ),10.8,2/8,2/8 SC,-,-,-,-,-,Few clouds
SARAKHS,05/07/2023,09Z,38.0,19%,1007.1 Hpa,360º (N ),18.0,0/8,-,-,-,-,-,-,Clear
SARAKHS,05/07/2023,06Z,34.2,24%,1008.5 Hpa,290º (W ),7.2,0/8,-,-,-,-,-,-,Clear
SARAKHS,05/07/2023,03Z,26.8,32%,1008.5 Hpa,360º (N ),7.2,0/8,-,-,-,-,35.2,23.6,Clear
SARAKHS,05/07/2023,00Z,23.8,31%,1007.8 Hpa,340º (N ),7.2,0/8,-,-,-,-,-,-,Clear
SARAVAN,05/07/2023,21Z,30.4,12%,996.2 Hpa,040º (NE),21.6,0/8,-,-,-,-,-,-,"Clear, dust"
SARAVAN,05/07/2023,18Z,32.5,10%,997.4 Hpa,010º (N),18.0,0/8,-,-,-,-,-,-,"Clear, dust"
SARAVAN,05/07/2023,15Z,34.8,8%,995.7 Hpa,030º (NE),28.8,0/8,-,-,-,-,40.2,29.2,"Clear, dust"
SARAVAN,05/07/2023,12Z,39.4,8%,993.3 Hpa,030º (NE),36.0,0/8,-,-,-,-,-,-,"Clear, dust"
SARAVAN,05/07/2023,09Z,38.2,11%,994.7 Hpa,050º (NE),21.6,0/8,-,-,-,-,-,-,"Clear, haze"
SARAVAN,05/07/2023,06Z,33.8,13%,997.1 Hpa,090º (E ),25.2,0/8,-,-,-,-,-,-,"Clear, haze"
SARAVAN,05/07/2023,03Z,29.2,17%,998.2 Hpa,060º (NE),28.8,0/8,-,-,-,-,37.0,28.0,"Clear, dust"
SARAVAN,05/07/2023,00Z,29.5,15%,996.3 Hpa,060º (NE),32.4,0/8,-,-,-,-,-,-,"Clear, dust"
SEMNAN,05/07/2023,21Z,28.0,14%,1003.1 Hpa,020º (N),18.0,1/8,-,1/8 AC,-,-,-,-,Few clouds
SEMNAN,05/07/2023,18Z,27.6,33%,1003.1 Hpa,340º (N ),14.4,0/8,-,-,-,-,-,-,Clear
SEMNAN,05/07/2023,15Z,31.2,27%,1001.4 Hpa,010º (N),21.6,0/8,-,-,-,-,36.8,28.8,Clear
SEMNAN,05/07/2023,12Z,36.0,17%,1000.3 Hpa,050º (NE),18.0,1/8,1/8 SC,-,-,-,-,-,Few clouds
SEMNAN,05/07/2023,09Z,36.0,14%,1001.7 Hpa,140º (SE),18.0,1/8,1/8 SC,-,-,-,-,-,Few clouds
SEMNAN,05/07/2023,06Z,32.2,17%,1003.5 Hpa,080º (E ),14.4,0/8,-,-,-,-,-,-,Clear
SEMNAN,05/07/2023,03Z,28.8,25%,1002.8 Hpa,070º (E ),3.6,1/8,1/8 SC,-,-,-,35.4,26.4,Few clouds
SEMNAN,05/07/2023,00Z,27.8,27%,1000.8 Hpa,250º (W ),7.2,0/8,-,-,-,-,-,-,Clear
SHAHRE-KORD,05/07/2023,21Z,23.1,18%,994.7 Hpa,080º (E ),14.4,0/8,-,-,-,-,-,-,Clear
SHAHRE-KORD,05/07/2023,18Z,25.7,17%,994.5 Hpa,300º (NW),10.8,0/8,-,-,-,-,-,-,Clear
SHAHRE-KORD,05/07/2023,15Z,33.8,8%,994.1 Hpa,230º (SW),10.8,0/8,-,-,-,-,36.5,18.2,"Clear, dust"
SHAHRE-KORD,05/07/2023,12Z,35.8,6%,994.2 Hpa,150º (SE),10.8,0/8,-,-,-,-,-,-,"Clear, dust"
SHAHRE-KORD,05/07/2023,09Z,33.3,11%,995.5 Hpa,140º (SE),10.8,0/8,-,-,-,-,-,-,"Clear, dust"
SHAHRE-KORD,05/07/2023,06Z,29.3,14%,999.9 Hpa,190º (S ),7.2,0/8,-,-,-,-,-,-,"Clear, dust"
SHAHRE-KORD,05/07/2023,03Z,18.2,31%,999.4 Hpa,340º (N ),7.2,0/8,-,-,-,-,33.2,12.5,"Clear, dust"
SHAHRE-KORD,05/07/2023,00Z,17.7,31%,997.2 Hpa,300º (NW),7.2,0/8,-,-,-,-,-,-,Clear
SHAHRUD,05/07/2023,21Z,23.8,34%,1006.1 Hpa,020º (N),18.0,0/8,-,-,-,-,-,-,Clear
SHAHRUD,05/07/2023,18Z,24.5,36%,1006.7 Hpa,360º (N ),21.6,1/8,1/8 SC,-,-,-,-,-,Few clouds
SHAHRUD,05/07/2023,15Z,26.6,28%,1005.3 Hpa,030º (NE),14.4,2/8,2/8 SC,-,-,-,30.6,23.2,Few clouds
SHAHRUD,05/07/2023,12Z,29.2,25%,1005.2 Hpa,350º (N ),21.6,0/8,-,-,-,-,-,-,Clear
SHAHRUD,05/07/2023,09Z,29.4,24%,1005.2 Hpa,030º (NE),28.8,1/8,1/8 SC,-,-,-,-,-,Few clouds
SHAHRUD,05/07/2023,06Z,27.4,23%,1006.1 Hpa,010º (N),28.8,0/8,-,-,-,-,-,-,Clear
SHAHRUD,05/07/2023,03Z,23.2,30%,1006.9 Hpa,020º (N),10.8,0/8,-,-,-,-,26.2,21.6,Clear
SHAHRUD,05/07/2023,00Z,22.0,36%,1004.9 Hpa,340º (N ),14.4,0/8,-,-,-,-,-,-,Clear
SHIRAZ,05/07/2023,21Z,28.6,20%,991.5 Hpa,calm.,,0/8,-,-,-,-,-,-,Clear
SHIRAZ,05/07/2023,18Z,32.8,17%,991.6 Hpa,310º (NW),7.2,0/8,-,-,-,-,-,-,Clear
SHIRAZ,05/07/2023,15Z,37.8,11%,991.4 Hpa,210º (SW),18.0,1/8,1/8 CU,-,-,-,41.8,25.6,Few clouds
SHIRAZ,05/07/2023,12Z,41.2,10%,991.7 Hpa,280º (W ),10.8,0/8,-,-,-,-,-,-,Clear
SHIRAZ,05/07/2023,09Z,40.0,11%,992.6 Hpa,010º (N),7.2,0/8,-,-,-,-,-,-,Clear
SHIRAZ,05/07/2023,06Z,35.8,14%,994.4 Hpa,calm.,,0/8,-,-,-,-,-,-,Clear
SHIRAZ,05/07/2023,03Z,25.5,26%,995.5 Hpa,calm.,,0/8,-,-,-,-,37.6,20.4,Clear
SHIRAZ,05/07/2023,00Z,21.8,28%,994.3 Hpa,calm.,,0/8,-,-,-,-,-,-,Clear
SIRI ISLAND,05/07/2023,15Z,33.4,65%,993.7 Hpa,240º (SW),18.0,0/8,-,-,-,-,35.4,31.0,"Clear, haze"
SIRI ISLAND,05/07/2023,12Z,35.0,75%,994.5 Hpa,140º (SE),10.8,0/8,-,-,-,-,-,-,"Clear, haze"
SIRI ISLAND,05/07/2023,09Z,34.0,63%,996.0 Hpa,270º (W ),10.8,3/8,-,-,CI,-,-,-,"Scattered clouds, haze"
SIRI ISLAND,05/07/2023,06Z,32.8,85%,996.6 Hpa,270º (W ),14.4,3/8,-,-,CC,-,-,-,"Scattered clouds, haze"
SIRI ISLAND,05/07/2023,03Z,31.0,82%,995.9 Hpa,calm.,,0/8,-,-,-,-,35.0,30.2,"Clear, mist"
SIRJAN,05/07/2023,21Z,30.8,16%,990.3 Hpa,120º (SE),18.0,0/8,-,-,-,-,-,-,Clear
SIRJAN,05/07/2023,18Z,32.3,14%,990.1 Hpa,030º (NE),18.0,0/8,-,-,-,-,-,-,Clear
SIRJAN,05/07/2023,15Z,37.7,11%,988.5 Hpa,calm.,,0/8,-,-,-,-,39.7,-,Clear
SIRJAN,05/07/2023,12Z,39.1,10%,988.4 Hpa,320º (NW),28.8,0/8,-,-,-,-,-,-,Clear
SIRJAN,05/07/2023,09Z,38.5,9%,989.8 Hpa,calm.,,0/8,-,-,-,-,-,-,Clear
SIRJAN,05/07/2023,06Z,34.4,17%,991.2 Hpa,calm.,,0/8,-,-,-,-,-,-,Clear
SIRJAN,05/07/2023,03Z,27.1,21%,993.3 Hpa,070º (E ),7.2,0/8,-,-,-,-,37.4,25.3,Clear
SIRJAN,05/07/2023,00Z,27.0,19%,991.3 Hpa,050º (NE),25.2,0/8,-,-,-,-,-,-,Clear
TABAS,05/07/2023,21Z,33.1,7%,999.0 Hpa,350º (N ),3.6,0/8,-,-,-,-,-,-,Clear
TABAS,05/07/2023,18Z,35.1,6%,999.2 Hpa,040º (NE),7.2,0/8,-,-,-,-,-,-,Clear
TABAS,05/07/2023,15Z,39.1,4%,998.3 Hpa,040º (NE),10.8,0/8,-,-,-,-,41.6,30.3,Clear
TABAS,05/07/2023,12Z,41.0,4%,998.6 Hpa,360º (N ),14.4,0/8,-,-,-,-,-,-,Clear
TABAS,05/07/2023,09Z,39.9,7%,999.8 Hpa,350º (N ),21.6,0/8,-,-,-,-,-,-,Clear
TABAS,05/07/2023,06Z,36.2,11%,1002.1 Hpa,280º (W ),3.6,0/8,-,-,-,-,-,-,"Clear, haze"
TABAS,05/07/2023,03Z,30.3,15%,1002.0 Hpa,130º (SE),7.2,0/8,-,-,-,-,40.0,29.2,Clear
TABAS,05/07/2023,00Z,30.8,15%,1000.0 Hpa,calm.,,0/8,-,-,-,-,-,-,Clear
TABRIZ,05/07/2023,21Z,22.3,39%,1006.1 Hpa,050º (NE),25.2,0/8,-,-,-,-,-,-,Clear
TABRIZ,05/07/2023,18Z,23.8,37%,1006.1 Hpa,060º (NE),25.2,0/8,-,-,-,-,-,-,Clear
TABRIZ,05/07/2023,15Z,27.3,31%,1004.8 Hpa,050º (NE),36.0,3/8,2/8 CU,-,CI,-,31.7,21.9,Scattered clouds
TABRIZ,05/07/2023,12Z,30.9,24%,1003.2 Hpa,050º (NE),43.2,4/8,4/8 CB,-,-,-,-,-,Scattered clouds
TABRIZ,05/07/2023,09Z,29.4,23%,1004.4 Hpa,070º (E ),32.4,4/8,4/8 CB,-,-,-,-,-,Scattered clouds
TABRIZ,05/07/2023,06Z,26.6,25%,1005.5 Hpa,080º (E ),28.8,3/8,3/8 CU/SC,-,-,-,-,-,Scattered clouds
TABRIZ,05/07/2023,03Z,22.0,35%,1005.9 Hpa,060º (NE),18.0,4/8,4/8 CU,-,-,-,30.9,21.9,Scattered clouds
TABRIZ,05/07/2023,00Z,23.0,34%,1004.9 Hpa,050º (NE),28.8,4/8,4/8 CB,-,-,-,-,-,Scattered clouds
TEHRAN-MEHRABAD,05/07/2023,21Z,26.1,39%,1001.8 Hpa,280º (W ),14.4,3/8,-,3/8 AC,-,-,-,-,"Scattered clouds, haze"
TEHRAN-MEHRABAD,05/07/2023,18Z,32.9,15%,999.6 Hpa,120º (SE),25.2,0/8,-,-,-,-,-,-,Clear
TEHRAN-MEHRABAD,05/07/2023,15Z,35.1,11%,998.5 Hpa,150º (SE),14.4,0/8,-,-,-,-,36.3,26.0,Clear
TEHRAN-MEHRABAD,05/07/2023,12Z,36.3,11%,998.8 Hpa,180º (S ),18.0,1/8,1/8 CU,-,-,-,-,-,Few clouds
TEHRAN-MEHRABAD,05/07/2023,09Z,33.7,14%,1001.0 Hpa,110º (E ),14.4,1/8,1/8 CU,-,-,-,-,-,Few clouds
TEHRAN-MEHRABAD,05/07/2023,06Z,30.4,18%,1002.7 Hpa,140º (SE),14.4,0/8,-,-,-,-,-,-,Clear
TEHRAN-MEHRABAD,05/07/2023,03Z,26.0,33%,1002.5 Hpa,calm.,,0/8,-,-,-,-,36.0,25.1,Clear
TEHRAN-MEHRABAD,05/07/2023,00Z,27.7,25%,1000.6 Hpa,300º (NW),7.2,2/8,-,2/8 AC,-,-,-,-,Few clouds
TORBAT-HEYDARIEH,05/07/2023,21Z,23.2,24%,1003.1 Hpa,010º (N),28.8,0/8,-,-,-,-,-,-,Clear
TORBAT-HEYDARIEH,05/07/2023,18Z,24.3,27%,1003.7 Hpa,calm.,,0/8,-,-,-,-,-,-,Clear
TORBAT-HEYDARIEH,05/07/2023,15Z,27.1,21%,1002.5 Hpa,060º (NE),7.2,0/8,-,-,-,-,31.1,24.0,Clear
TORBAT-HEYDARIEH,05/07/2023,12Z,30.4,15%,1002.2 Hpa,060º (NE),14.4,0/8,-,-,-,-,-,-,Clear
TORBAT-HEYDARIEH,05/07/2023,09Z,30.3,14%,1002.8 Hpa,150º (SE),7.2,0/8,-,-,-,-,-,-,Clear
TORBAT-HEYDARIEH,05/07/2023,06Z,27.1,19%,1004.4 Hpa,030º (NE),25.2,0/8,-,-,-,-,-,-,Clear
TORBAT-HEYDARIEH,05/07/2023,03Z,23.6,27%,1004.5 Hpa,060º (NE),10.8,0/8,-,-,-,-,27.5,21.0,Clear
TORBAT-HEYDARIEH,05/07/2023,00Z,21.2,27%,1003.8 Hpa,010º (N),18.0,0/8,-,-,-,-,-,-,Clear
YASOGE,05/07/2023,21Z,23.7,26%,996.1 Hpa,calm.,,0/8,-,-,-,-,-,-,Clear
YASOGE,05/07/2023,18Z,27.4,18%,997.0 Hpa,calm.,,0/8,-,-,-,-,-,-,Clear
YASOGE,05/07/2023,15Z,33.4,14%,997.0 Hpa,calm.,,0/8,-,-,-,-,37.6,19.8,Clear
YASOGE,05/07/2023,12Z,37.4,7%,995.8 Hpa,210º (SW),10.8,0/8,-,-,-,-,-,-,Clear
YASOGE,05/07/2023,09Z,36.2,9%,996.8 Hpa,calm.,,0/8,-,-,-,-,-,-,Clear
YASOGE,05/07/2023,06Z,28.6,19%,999.5 Hpa,calm.,,0/8,-,-,-,-,-,-,Clear
YASOGE,05/07/2023,03Z,19.8,24%,1000.1 Hpa,calm.,,0/8,-,-,-,-,32.6,15.2,Clear
YASOGE,05/07/2023,00Z,19.4,40%,997.6 Hpa,calm.,,0/8,-,-,-,-,-,-,Clear
YAZD,05/07/2023,21Z,32.3,11%,996.5 Hpa,190º (S ),3.6,0/8,-,-,-,-,-,-,"Clear, dust"
YAZD,05/07/2023,18Z,34.8,11%,996.1 Hpa,120º (SE),18.0,0/8,-,-,-,-,-,-,"Clear, dust"
YAZD,05/07/2023,15Z,38.3,11%,994.5 Hpa,120º (SE),18.0,0/8,-,-,-,-,41.1,28.7,"Clear, dust"
YAZD,05/07/2023,12Z,39.9,11%,994.6 Hpa,220º (SW),3.6,0/8,-,-,-,-,-,-,"Clear, dust"
YAZD,05/07/2023,09Z,39.2,11%,996.8 Hpa,020º (N),3.6,0/8,-,-,-,-,-,-,"Clear, dust"
YAZD,05/07/2023,06Z,33.8,15%,999.2 Hpa,310º (NW),7.2,0/8,-,-,-,-,-,-,Clear
YAZD,05/07/2023,03Z,29.0,18%,999.3 Hpa,270º (W ),10.8,0/8,-,-,-,-,40.0,28.7,"Clear, dust"
YAZD,05/07/2023,00Z,30.2,17%,997.1 Hpa,280º (W ),10.8,0/8,-,-,-,-,-,-,"Clear, dust"
ZABOL,05/07/2023,21Z,31.3,19%,996.4 Hpa,350º (N ),46.8,0/8,-,-,-,-,-,-,"Clear, dust"
ZABOL,05/07/2023,18Z,34.0,15%,996.6 Hpa,350º (N ),54.0,0/8,-,-,-,-,-,-,"Clear, dust"
ZABOL,05/07/2023,15Z,37.5,11%,996.0 Hpa,340º (N ),46.8,0/8,-,-,-,-,41.1,30.0,"Clear, dust"
ZABOL,05/07/2023,12Z,40.8,9%,994.9 Hpa,340º (N ),46.8,0/8,-,-,-,-,-,-,"Clear, dust"
ZABOL,05/07/2023,09Z,39.3,11%,996.3 Hpa,350º (N ),61.2,0/8,-,-,-,-,-,-,"Clear, dust"
ZABOL,05/07/2023,06Z,35.5,13%,998.8 Hpa,350º (N ),57.6,0/8,-,-,-,-,-,-,"Clear, dust"
ZABOL,05/07/2023,03Z,30.0,17%,998.7 Hpa,350º (N ),57.6,0/8,-,-,-,-,37.6,28.7,"Clear, dust"
ZABOL,05/07/2023,00Z,29.3,18%,998.0 Hpa,340º (N ),43.2,0/8,-,-,-,-,-,-,"Clear, dust"
ZAHEDAN,05/07/2023,21Z,26.2,19%,997.3 Hpa,030º (NE),18.0,0/8,-,-,-,-,-,-,Clear
ZAHEDAN,05/07/2023,18Z,28.3,16%,997.7 Hpa,040º (NE),18.0,0/8,-,-,-,-,-,-,"Clear, dust"
ZAHEDAN,05/07/2023,15Z,31.6,11%,996.2 Hpa,050º (NE),28.8,,-,-,-,-,35.5,25.7,dust
ZAHEDAN,05/07/2023,12Z,35.0,8%,995.2 Hpa,050º (NE),18.0,0/8,-,-,-,-,-,-,"Clear, dust"
ZAHEDAN,05/07/2023,09Z,33.2,11%,996.3 Hpa,030º (NE),21.6,0/8,-,-,-,-,-,-,"Clear, dust"
ZAHEDAN,05/07/2023,06Z,29.8,17%,998.5 Hpa,030º (NE),18.0,0/8,-,-,-,-,-,-,"Clear, dust"
ZAHEDAN,05/07/2023,03Z,25.8,21%,999.6 Hpa,020º (N),14.4,0/8,-,-,-,-,31.9,23.6,"Clear, dust"
ZAHEDAN,05/07/2023,00Z,24.6,22%,998.4 Hpa,020º (N),14.4,0/8,-,-,-,-,-,-,"Clear, dust"
ZANJAN,05/07/2023,21Z,18.8,45%,1003.8 Hpa,140º (SE),7.2,2/8,-,2/8 AC,-,-,-,-,Few clouds
ZANJAN,05/07/2023,18Z,20.1,49%,1003.1 Hpa,040º (NE),14.4,2/8,-,2/8 AC,-,-,-,-,Few clouds
ZANJAN,05/07/2023,15Z,23.9,42%,1001.5 Hpa,040º (NE),18.0,0/8,-,-,-,-,28.5,19.9,"Clear, dust"
ZANJAN,05/07/2023,12Z,27.8,32%,1000.4 Hpa,050º (NE),14.4,0/8,-,-,-,-,-,-,"Clear, dust"
ZANJAN,05/07/2023,09Z,26.6,36%,1001.2 Hpa,050º (NE),18.0,1/8,1/8 CU,-,-,-,-,-,Few clouds
ZANJAN,05/07/2023,06Z,24.9,33%,1002.4 Hpa,060º (NE),14.4,0/8,-,-,-,-,-,-,Clear
ZANJAN,05/07/2023,03Z,19.9,45%,1002.7 Hpa,110º (E ),3.6,1/8,1/8 CU,-,-,-,27.9,18.5,Few clouds
ZANJAN,05/07/2023,00Z,20.0,46%,1001.1 Hpa,060º (NE),10.8,2/8,-,2/8 AC,-,-,-,-,Few clouds
